Run experiments
PARAMETERS:

 computation_placement
	service_budget 1000
	name UNIFORM
	computation_budget 1000
 netconf
	alphas [0.6832681927624128, 0.5189660884505796, 0.08663246130904734, 0.46412879968615883, 0.7252785454250978, 0.6075108815383745, 0.26204664903008335, 0.2114493826524808, 0.22963228480633469, 0.07626872391900874]
	rate_dist [0.1, 0.1, 0.1, 0.1, 0.1, 0.1, 0.1, 0.1, 0.1, 0.1]
 workload
	n_contents 10
	name TRACE_DRIVEN
	n_warmup 0
	n_measured 720000
	rate_dist [0.1, 0.1, 0.1, 0.1, 0.1, 0.1, 0.1, 0.1, 0.1, 0.1]
	alpha 0.75
	rates 100
	n_services 10
	seed 0
 sched_policy
	name EDF
 cache_policy
	name LRU
 topology
	name TREE
	h 1
	k 2
	max_delay 0.034
	n_classes 10
	min_delay 0.004
 strategy
	replacement_interval 60.0
	n_replacements 10000
	name SELF_TUNING_TRACE
 content_placement
	name UNIFORM
 cache_placement
	network_cache 50
	name UNIFORM
 warmup_strategy
	name SELF_TUNING_TRACE
 desc strategy: SELF_TUNING_TRACE, num_of_vms: 1000
RESULTS:

 LATENCY
	SAT_TIMES
		1320.01368295 [0.04737031700288184, 0.08008008008008008, 0.07613373055279708]
		180.002411166 [0.05366942609989769, 0.10808130887456618, 0.10130828581013084]
		2820.02930619 [0.050615961435457955, 0.07791777188328912, 0.07414698162729659]
		3360.03565458 [0.012970055710306407, 0.051749630359783146, 0.05271883289124669]
		3600.04835444 [0.05393700787401575, 0.07100260901975401, 0.06863628175103585]
		1440.01404843 [0.010954214805305947, 0.028206850235057087, 0.028345418589321027]
		2580.02809885 [0.01050999310820124, 0.030362711308058427, 0.03489750974080976]
		1500.01453907 [0.04591317226696288, 0.07894736842105263, 0.08155306883689387]
		2520.02737224 [0.03497189758229994, 0.07829759584145549, 0.07647450849716761]
		1080.01149035 [0.007658167261334958, 0.0455892034233048, 0.04800936768149883]
		900.009164482 [0.04057027193522837, 0.05946662249461653, 0.06603153745072274]
		3240.03527413 [0.052392433234421366, 0.08178123941754148, 0.08518265619665415]
		2160.02154403 [0.030278813709820634, 0.07772527293465863, 0.07478949975235265]
		600.007888887 [0.010329520232200785, 0.02883659264169705, 0.028391167192429023]
		1140.01187742 [0.0660646825762462, 0.0956922065110161, 0.10097446236559139]
		3000.03230788 [0.05023436809056337, 0.06704095112285337, 0.06620553359683795]
		2340.02342689 [0.034771009337483325, 0.07125226262958696, 0.07173624917163685]
		3420.03866317 [0.05250316284113501, 0.08096425602660016, 0.07934131736526946]
		1560.01493918 [0.035056657223796035, 0.06792452830188679, 0.06761920584814753]
		660.00789697 [0.055080809957272894, 0.095953559842923, 0.09069767441860466]
		2280.02331897 [0.04259126700071582, 0.07921283280965769, 0.07794770596941293]
		2880.03110735 [0.03563394222982093, 0.08272834712139118, 0.07768568178124492]
		2640.0284239 [0.046348061316501356, 0.0776731118823335, 0.07859531772575251]
		2220.02329964 [0.03709025594970813, 0.06753334458889076, 0.06701030927835051]
		480.005140559 [0.06744948115783725, 0.08348669901288272, 0.08572376057038633]
		1680.01543772 [0.05306306306306306, 0.07091486870714166, 0.06878040597215232]
		3300.03542039 [0.03275443174660308, 0.06717171717171717, 0.06629834254143646]
		1260.01361024 [0.009880749574105622, 0.03156337333552523, 0.03253509496284063]
		1200.01345897 [0.029625779625779627, 0.04593755108713422, 0.04694286668894086]
		1740.01605419 [0.03857487275649612, 0.08341543513957307, 0.08383624204860544]
		2700.02858586 [0.036265223274695536, 0.07378129117259552, 0.07460155985079688]
		2760.0291826 [0.010881768719233095, 0.04152249134948097, 0.042546119328569054]
		120.002323464 [0.014533883728930169, 0.033176943699731905, 0.03399900973758046]
		2040.02057645 [0.04084045843187193, 0.0753447695930037, 0.07507153677832015]
		2460.02724242 [0.045093795093795096, 0.07549361207897794, 0.08266799733865603]
		2940.03184373 [0.012695054218460724, 0.056981436642453594, 0.05886379192334018]
		1020.01065644 [0.018345323741007193, 0.0690295358649789, 0.06921161825726141]
		1920.0186674 [0.03683075817463169, 0.06855791962174941, 0.06790635895733023]
		840.008765442 [0.026956065114650797, 0.06589651806052717, 0.06521739130434782]
		960.009980382 [0.05421252029586866, 0.07516822583292303, 0.08275862068965517]
		3120.03356422 [0.03374908290535583, 0.07493279569892473, 0.07810630661425397]
		540.005656697 [0.028105088592127084, 0.04437086092715232, 0.04600402955003358]
		300.002614869 [0.022961615111342173, 0.03695795006570302, 0.03598099117447386]
		1380.01400078 [0.036059005645601896, 0.0676553907682053, 0.07248622589531681]
		2100.02116868 [0.03308257047040696, 0.07691007437457742, 0.07042723631508678]
		3480.03924127 [0.037829254623575566, 0.08780570652173914, 0.0872093023255814]
		60.001879684 [0.04164378546586125, 0.08088605470716563, 0.08425646189996643]
		1980.0196693 [0.03390892010378456, 0.07251099885937755, 0.07509681764606836]
		420.004753775 [0.010182207931404072, 0.06986899563318777, 0.06578512396694215]
		3180.03437002 [0.04192685102586976, 0.07947454844006568, 0.07855382087099425]
		3060.03291079 [0.04453110828949755, 0.07772719608834935, 0.07794582017616752]
		240.002499827 [0.04236540158870256, 0.05319504851120776, 0.059565289530446326]
		360.004115123 [0.02174681753889675, 0.050833333333333335, 0.05195681511470985]
		1620.0151951 [0.011292129988794069, 0.044820717131474105, 0.04462242562929062]
		720.008109575 [0.034576808023931024, 0.061835106382978726, 0.06504330773002125]
		3540.03927677 [0.0232579185520362, 0.07113889827644475, 0.06926043937615295]
		1800.01647061 [0.03272598620201663, 0.06725194633095909, 0.06766299885038594]
		780.008359231 [0.023559516456366364, 0.05621401964104301, 0.05615586116568435]
		1860.01818618 [0.04709757834757835, 0.07009966777408638, 0.06932495036399736]
		2400.02587557 [0.02253545636474376, 0.04350714048488874, 0.046430354468297554]
	CLASS_REVENUE [64929.928067326335, 189375.3099239759, 519523.58413109655, 593831.7309866499, 422769.1897284306, 545580.3524451404, 131792.5881057291, 575186.5122998019, 456686.4931541146, 348190.014758024]
	NODE_IDLE_TIMES
		1320.01368295 [0.7447622863755397, 0.7660039306580205, 0.7749599202638855]
		180.002411166 [0.7443763351670066, 0.7335969139165025, 0.7481687209053522]
		2820.02930619 [0.7376959616170481, 0.766341959206893, 0.7788828573160211]
		3360.03565458 [0.8685578228706385, 0.8470195289608439, 0.8468554571862786]
		3600.04835444 [0.6692734340876648, 0.7267585561271064, 0.7343204379414942]
		1440.01404843 [0.93271439834912, 0.9051119657270822, 0.903989649788318]
		2580.02809885 [0.9020408693924229, 0.8808037590986991, 0.8668558128511094]
		1500.01453907 [0.7519556435746094, 0.7729256686431214, 0.7639979040572934]
		2520.02737224 [0.7786497402941069, 0.7693108107591836, 0.7836080978888275]
		1080.01149035 [0.9492139269406525, 0.8156732760690029, 0.8121753106226888]
		900.009164482 [0.8155719473771892, 0.7994112241247844, 0.7772124242216996]
		3240.03527413 [0.7907097486343796, 0.7637357739204083, 0.7569781444185572]
		2160.02154403 [0.8131502019483299, 0.7695224131704138, 0.7756128807788496]
		600.007888887 [0.939476642605471, 0.9065947571003485, 0.908797779767476]
		1140.01187742 [0.7054407979049049, 0.7228962562141584, 0.7163314540788488]
		3000.03230788 [0.7369490086517011, 0.7413977534037042, 0.7514807095441902]
		2340.02342689 [0.799403003563847, 0.7761730278403552, 0.7745595966857529]
		3420.03866317 [0.7414305994579536, 0.7613619396082612, 0.7635180126178335]
		1560.01493918 [0.8016127556634275, 0.7928168335886598, 0.7962925714924868]
		660.00789697 [0.7831614337080999, 0.7615112109418295, 0.7669677722304161]
		2280.02331897 [0.8362812240973735, 0.7677278247008884, 0.7784024592524578]
		2880.03110735 [0.7803541355395184, 0.7485353700994505, 0.7551469582051481]
		2640.0284239 [0.7543178463437055, 0.7689498368133286, 0.7680375147659498]
		2220.02329964 [0.7768158623247213, 0.7991154284854445, 0.7985772337466986]
		480.005140559 [0.6592782732463448, 0.703436194155531, 0.7002746734842277]
		1680.01543772 [0.7369799534005057, 0.7829078509968891, 0.7918283687016705]
		3300.03542039 [0.7995963605644725, 0.7917722812513204, 0.7915498083990844]
		1260.01361024 [0.9157041419818794, 0.8858900939553859, 0.8837733010827626]
		1200.01345897 [0.7908023036068406, 0.8296528015157542, 0.8256878108582845]
		1740.01605419 [0.769620338988487, 0.7706928446544965, 0.7645352208657151]
		2700.02858586 [0.7913976910544925, 0.7816793318661208, 0.7878255044080801]
		2760.0291826 [0.9327810036315692, 0.8947660387272853, 0.8921047194752807]
		120.002323464 [0.9006955911585425, 0.888332783566094, 0.8850252770323978]
		2040.02057645 [0.7249611400815483, 0.7936415540396602, 0.7968354969582944]
		2460.02724242 [0.8116723476232, 0.7883038321635524, 0.7679155252139166]
		2940.03184373 [0.9318770473990524, 0.869511346896671, 0.862162858109646]
		1020.01065644 [0.8447031575798785, 0.844122216275984, 0.8381986960155325]
		1920.0186674 [0.8306165620784918, 0.7970057712048505, 0.7968407686268602]
		840.008765442 [0.8657314168777276, 0.8088854662455802, 0.8125132293125331]
		960.009980382 [0.6915349678537274, 0.7728596036534551, 0.7610809962764669]
		3120.03356422 [0.8193575235023034, 0.7645208445821554, 0.7632827812432872]
		540.005656697 [0.8072246642495818, 0.870130793096873, 0.8666499438772247]
		300.002614869 [0.8126248530680993, 0.8701294990632604, 0.8729402228743559]
		1380.01400078 [0.7970050929588193, 0.8013414774086359, 0.7939364382394225]
		2100.02116868 [0.8507632705544595, 0.7675560610155251, 0.7768198722149424]
		3480.03924127 [0.7675845827214274, 0.7517412028039954, 0.7615806599669951]
		60.001879684 [0.7870308209336527, 0.7713656004987275, 0.7606590930194163]
		1980.0196693 [0.8093433635062105, 0.7692383148172269, 0.7710374061275744]
		420.004753775 [0.850505342594396, 0.7905001259791569, 0.7921193616180158]
		3180.03437002 [0.7173107135589496, 0.7638905193381095, 0.7657492549342444]
		3060.03291079 [0.7746565009799997, 0.7851681587617679, 0.7775541804565523]
		240.002499827 [0.8040587574968241, 0.8087708723793622, 0.8000532454562086]
		360.004115123 [0.9481134541839177, 0.8862002913322914, 0.8885767441488267]
		1620.0151951 [0.934438699826273, 0.8919409696281769, 0.8910482288530004]
		720.008109575 [0.7962326672022293, 0.8003108053245801, 0.7921517901554297]
		3540.03927677 [0.9259065602139336, 0.8280420057586735, 0.8196790751217198]
		1800.01647061 [0.8827909732258602, 0.8021104494955198, 0.7970505047254423]
		780.008359231 [0.7949515478249403, 0.8420905659455621, 0.8315037987479319]
		1860.01818618 [0.6652517211211807, 0.7549407946425153, 0.757609398112375]
		2400.02587557 [0.8001627785408925, 0.8330795441682889, 0.825391626097227]
	CLASS_RATE [71982, 72076, 71728, 71970, 72167, 72222, 71746, 71978, 72075, 72056]
	REVENUE_TIMES
		1320.01368295 76272.8767773
		180.002411166 102528.749515
		2820.02930619 77520.0782757
		3360.03565458 44856.5711766
		3600.04835444 68129.1084692
		1440.01404843 24852.4223009
		2580.02809885 28684.778657
		1500.01453907 78207.3268993
		2520.02737224 77381.6555482
		1080.01149035 40445.6994525
		900.009164482 67166.432651
		3240.03527413 83457.4749942
		2160.02154403 72599.4075583
		600.007888887 25678.3533416
		1140.01187742 103468.09996
		3000.03230788 69943.2965075
		2340.02342689 70269.1942604
		3420.03866317 82228.8398177
		1560.01493918 69105.7991145
		660.00789697 91031.4045166
		2280.02331897 78043.4123545
		2880.03110735 77974.6104154
		2640.0284239 78068.9386716
		2220.02329964 66114.4596981
		480.005140559 89752.6245138
		1680.01543772 73692.764761
		3300.03542039 65346.0678613
		1260.01361024 28023.489312
		1200.01345897 50839.6401509
		1740.01605419 84645.4412106
		2700.02858586 73531.5807004
		2760.0291826 36664.1577294
		120.002323464 31604.1612056
		2040.02057645 73630.8341648
		2460.02724242 79017.1234577
		2940.03184373 49858.1874724
		1020.01065644 64318.2419508
		1920.0186674 67840.8906646
		840.008765442 66051.6394265
		960.009980382 81527.3885177
		3120.03356422 71216.9420432
		540.005656697 47452.388478
		300.002614869 37245.4532804
		1380.01400078 69700.5182944
		2100.02116868 70227.2825014
		3480.03924127 84706.8313403
		60.001879684 0.0
		1980.0196693 70912.1384046
		420.004753775 59176.4821597
		3180.03437002 78693.7094442
		3060.03291079 80024.1705039
		240.002499827 61187.3670323
		360.004115123 48363.6257412
		1620.0151951 39566.3755287
		720.008109575 67897.65617
		3540.03927677 61327.634488
		1800.01647061 65002.1427677
		780.008359231 52082.6965944
		1860.01818618 69971.9101587
		2400.02587557 42737.1546369
	SERVICE_RATE [117641, 80000, 80002, 79993, 79997, 68375, 60199, 71935, 40946, 40912]
	SERVICE_SAT_RATE [0.2785678462440816, 0.097075, 0.003537411564710882, 0.059130173890215396, 0.23167118766953762, 0.09510786106032906, 0.00024917357431186564, 0.002307638840620004, 0.0026376202803692667, 0.0023220570981619085]
	CLASS_SAT_RATE [0.024047678586313244, 0.05237527054775515, 0.13314186928396163, 0.13807141864665834, 0.11167153962337356, 0.13548503226163772, 0.03952833607448499, 0.1349995832059796, 0.12198404439819632, 0.09420450760519596]
	QoS_CLASS [92011.1347395054, 218001.27620251573, 537417.8451273228, 612980.2759555299, 437736.2278016696, 554623.9597726479, 160638.5261300503, 590599.5654430083, 474383.7273795643, 360010.99558163283]
	QOS_TIMES
		1320.01368295 55.3140739252
		180.002411166 58.7258443599
		2820.02930619 54.5664806969
		3360.03565458 59.081169304
		3600.04835444 53.4159974689
		1440.01404843 56.6336080767
		2580.02809885 57.6566705871
		1500.01453907 55.554469601
		2520.02737224 59.7218654874
		1080.01149035 63.5958800086
		900.009164482 56.5976700165
		3240.03527413 56.4658278068
		2160.02154403 59.193434545
		600.007888887 57.6116636964
		1140.01187742 56.4830017173
		3000.03230788 53.3259587827
		2340.02342689 58.4985934818
		3420.03866317 55.0864668307
		1560.01493918 58.1677641092
		660.00789697 58.2526597676
		2280.02331897 56.984962471
		2880.03110735 59.7731385206
		2640.0284239 55.2983672366
		2220.02329964 55.5005564827
		480.005140559 53.8512146159
		1680.01543772 53.6434081013
		3300.03542039 58.8343621036
		1260.01361024 57.3484610647
		1200.01345897 58.3339446038
		1740.01605419 59.7950650955
		2700.02858586 58.885045792
		2760.0291826 59.9115546853
		120.002323464 56.1238787455
		2040.02057645 55.6473010559
		2460.02724242 55.3260445466
		2940.03184373 61.4973614461
		1020.01065644 64.6752472091
		1920.0186674 58.0043443434
		840.008765442 61.4394352747
		960.009980382 53.86795981
		3120.03356422 57.3532416759
		540.005656697 58.3376695
		300.002614869 54.1413382583
		1380.01400078 58.2989409887
		2100.02116868 59.1026099805
		3480.03924127 60.2516263382
		60.001879684 33.606961298
		1980.0196693 57.1732291068
		420.004753775 64.8161181912
		3180.03437002 56.1714527617
		3060.03291079 58.1389993022
		240.002499827 56.2064281105
		360.004115123 60.3946381379
		1620.0151951 60.5868373274
		720.008109575 59.6752766992
		3540.03927677 59.0381519061
		1800.01647061 56.1358448449
		780.008359231 56.7468987184
		1860.01818618 54.3130397366
		2400.02587557 54.6986487682
	PRICE_TIMES
		0 [100.0, 100.0, 100.0, 100.0, 100.0, 100.0]
		180.002411166 [29.009947673001225, 68.10228596914804, 68.10228596914804]
		2820.02930619 [29.014393994957413, 67.87678596830365, 67.81571293114024]
		3360.03565458 [25.80112924352828, 66.29861040986079, 66.29861040986079]
		3600.04835444 [28.939969298602435, 67.96564305032076, 67.96564305032076]
		1440.01404843 [25.80112924352828, 65.56894920048936, 65.32615353951108]
		2580.02809885 [25.80112924352828, 65.80830012881907, 65.32615353951108]
		1500.01453907 [29.009947673001225, 67.1874565733971, 67.1874565733971]
		2520.02737224 [26.4097650517535, 66.06355590325838, 65.53664268068434]
		1080.01149035 [25.934208139069188, 66.47975499499094, 66.47975499499094]
		900.009164482 [27.20142494460788, 67.25766863279885, 67.25766863279885]
		3240.03527413 [28.542182957156424, 67.64858371315853, 67.41076087526571]
		2160.02154403 [27.396993893843337, 67.25808246756237, 66.92701105687384]
		600.007888887 [25.63475594827266, 66.75659838494755, 66.75659838494755]
		1140.01187742 [29.154874005496733, 68.56101590276772, 68.78871378521441]
		3000.03230788 [29.020318627416334, 68.46588611201382, 68.46588611201382]
		2340.02342689 [27.396993893843337, 66.94754325855423, 66.36117407859781]
		3420.03866317 [28.939969298602435, 68.11309272863349, 68.11309272863349]
		1560.01493918 [26.198083541451012, 67.03314581226685, 66.80930871744806]
		660.00789697 [29.009947673001225, 68.32524524958147, 68.56101590276772]
		2280.02331897 [28.542182957156424, 67.1874565733971, 67.41076087526571]
		2880.03110735 [25.969586594301393, 67.27289500180909, 67.25135279158829]
		2640.0284239 [29.009947673001225, 67.64858371315853, 67.41076087526571]
		2220.02329964 [28.36964393470728, 67.70556126877635, 67.9136994895347]
		480.005140559 [29.154874005496733, 68.51078245243872, 68.21561075632604]
		1680.01543772 [28.939969298602435, 67.96564305032076, 68.2080812202947]
		3300.03542039 [26.92999399251223, 66.50903102566969, 64.97369411046093]
		1260.01361024 [25.80112924352828, 65.80830012881907, 65.80830012881907]
		1200.01345897 [26.4097650517535, 65.53664268068434, 65.23310514781748]
		1740.01605419 [25.565774794285083, 67.48212502818356, 67.70556126877635]
		1320.01368295 [29.009947673001225, 67.41076087526571, 67.1874565733971]
		2760.0291826 [25.80112924352828, 65.32615353951108, 65.80830012881907]
		120.002323464 [25.934208139069188, 66.47975499499094, 66.47975499499094]
		2040.02057645 [28.566689612746718, 67.9136994895347, 67.9136994895347]
		2460.02724242 [29.009947673001225, 68.10228596914804, 68.10228596914804]
		2940.03184373 [25.631207711750132, 65.80830012881907, 65.0116650553189]
		1020.01065644 [26.198083541451012, 68.11309272863349, 68.32260886029451]
		1920.0186674 [27.163564215951084, 66.4695952693595, 66.95496086499973]
		840.008765442 [28.542182957156424, 68.10228596914804, 67.64858371315853]
		960.009980382 [29.147984186737663, 68.46588611201382, 68.46588611201382]
		3120.03356422 [27.595818121431048, 67.03815683311001, 66.65241086832859]
		540.005656697 [26.4097650517535, 66.57371145330619, 66.57371145330619]
		300.002614869 [28.963493748978042, 66.47321418474016, 67.19295684903855]
		1380.01400078 [26.198083541451012, 66.57371145330619, 66.31996223513184]
		2100.02116868 [27.998303508946105, 66.70528419600781, 66.95496086499973]
		3480.03924127 [25.969586594301393, 67.52293609579829, 67.53045939500643]
		60.001879684 [27.163564215951084, 66.23196426964945, 66.23196426964945]
		1980.0196693 [27.396993893843337, 66.86877100941196, 66.97894464227623]
		420.004753775 [25.80112924352828, 66.15859014574487, 66.47975499499094]
		3180.03437002 [28.566689612746718, 68.32260886029451, 67.9136994895347]
		3060.03291079 [26.824268624051335, 67.70556126877635, 67.70556126877635]
		240.002499827 [27.595818121431048, 66.97894464227623, 67.78220848165257]
		360.004115123 [27.562861377490155, 66.95496086499973, 66.95496086499973]
		1620.0151951 [25.80112924352828, 65.55900465077903, 65.75341411142442]
		720.008109575 [27.595818121431048, 66.97894464227623, 67.25766863279885]
		3540.03927677 [26.44099888662021, 67.1541015970707, 66.76070468321561]
		2400.02587557 [27.447036390277574, 65.55107400292819, 65.73261941620454]
		1800.01647061 [27.793088330603094, 67.31967725026493, 67.52870936581755]
		780.008359231 [28.939969298602435, 68.86770189097012, 68.37971514693128]
		1860.01818618 [28.76556514984642, 68.46588611201382, 68.2080812202947]
		2700.02858586 [26.198083541451012, 66.57371145330619, 66.31996223513184]
	SERVICE_REVENUE [1771514.0493817718, 491276.1553923822, 0.0, 287875.2409070389, 973025.8897592301, 324174.3681596695, 0.0, 0.0, 0.0, 0.0]
	QoS_SERVICE [15.785110209245785, 6.355322489199318, 0.01660838350921754, 3.872125902273437, 12.723859162353834, 4.930542319103836, 0.007423491749354553, 0.04972232318276419, 0.0637602721811126, 0.007311570964538477]
	NODE_VM_PRICES
		0 [36.072027892585886, 34.52386937357866, 33.25240605366173, 33.197180599017045, 32.77071188052906, 31.27971461629748, 30.484707609146277, 30.387037790567945, 30.077116342061316, 29.072196180387902, 28.65884190301862, 28.610626993343914, 27.89802354963274, 27.81507869520791, 0.0]
		1 [80.86806747070789, 80.26023951087902, 78.92501225487877, 78.27467176011946, 76.16142724074022, 76.14752257984752, 75.54780965761366, 74.6465119893443, 74.00922872449276, 73.3877976435137, 72.08157798635807, 71.77291066668467, 71.62812892554976, 71.51906267864291, 70.83632952603696, 70.42598837293949, 69.44389638882502, 69.08189281296346, 68.45456107106425, 67.71918811931246, 67.03072515698676, 64.1940682220342, 63.682743890153304, 63.551662488940636, 62.90252022629775, 62.75126323874571, 61.7400025327141, 60.98954425215947, 60.93493612107644, 0.0]
		2 [80.86806747070789, 80.26023951087902, 78.92501225487877, 78.27467176011946, 76.16142724074022, 76.14752257984752, 75.54780965761366, 74.6465119893443, 74.00922872449276, 73.3877976435137, 72.08157798635807, 71.77291066668467, 71.62812892554976, 71.51906267864291, 70.83632952603696, 70.42598837293949, 69.44389638882502, 69.08189281296346, 68.45456107106425, 67.71918811931246, 67.03072515698676, 64.1940682220342, 63.682743890153304, 63.551662488940636, 62.90252022629775, 62.75126323874571, 61.7400025327141, 60.98954425215947, 60.93493612107644, 0.0]
	IDLE_TIMES
		1320.01368295 0.259088982885
		180.002411166 0.250126142482
		2820.02930619 0.260396945694
		3360.03565458 0.283135630684
		3600.04835444 0.245502977198
		1440.01404843 0.302238704994
		2580.02809885 0.289836334605
		1500.01453907 0.255441927773
		2520.02737224 0.261975120816
		1080.01149035 0.271544446652
		900.009164482 0.259873471126
		3240.03527413 0.253092925294
		2160.02154403 0.259310363969
		600.007888887 0.30384291959
		1140.01187742 0.239502891797
		3000.03230788 0.251237925017
		2340.02342689 0.258965885219
		3420.03866317 0.255270357017
		1560.01493918 0.266226877263
		660.00789697 0.256420551752
		2280.02331897 0.260238496607
		2880.03110735 0.252467283141
		2640.0284239 0.256784491965
		2220.02329964 0.266994661708
		480.005140559 0.234131013292
		1680.01543772 0.264728696478
		3300.03542039 0.264644904573
		1260.01361024 0.295480629847
		1200.01345897 0.27606213073
		1740.01605419 0.255618851417
		2700.02858586 0.263393342212
		2760.0291826 0.298266705474
		120.002323464 0.295900355182
		2040.02057645 0.266408447549
		2460.02724242 0.256763374557
		2940.03184373 0.288260802329
		1020.01065644 0.280247071707
		1920.0186674 0.266413889958
		840.008765442 0.271650040662
		960.009980382 0.254469377423
		3120.03356422 0.255195342875
		540.005656697 0.289756742945
		300.002614869 0.291853517549
		1380.01400078 0.265450018839
		2100.02116868 0.259710839192
		3480.03924127 0.254615021052
		60.001879684 0.254327534566
		1980.0196693 0.257784909926
		420.004753775 0.26483363525
		3180.03437002 0.256016563062
		3060.03291079 0.259973009556
		240.002499827 0.267496412613
		360.004115123 0.297082185466
		1620.0151951 0.297911719019
		720.008109575 0.264854102118
		3540.03927677 0.274058012534
		1800.01647061 0.266489068616
		780.008359231 0.278013256047
		1860.01818618 0.253294162281
		2400.02587557 0.275966860787
PARAMETERS:

 computation_placement
	service_budget 1000
	name UNIFORM
	computation_budget 1000
 netconf
	alphas [0.6832681927624128, 0.5189660884505796, 0.08663246130904734, 0.46412879968615883, 0.7252785454250978, 0.6075108815383745, 0.26204664903008335, 0.2114493826524808, 0.22963228480633469, 0.07626872391900874]
	rate_dist [0.1, 0.1, 0.1, 0.1, 0.1, 0.1, 0.1, 0.1, 0.1, 0.1]
 workload
	n_contents 10
	name TRACE_DRIVEN
	n_warmup 0
	n_measured 720000
	rate_dist [0.1, 0.1, 0.1, 0.1, 0.1, 0.1, 0.1, 0.1, 0.1, 0.1]
	alpha 0.75
	rates 100
	n_services 10
	seed 0
 sched_policy
	name EDF
 cache_policy
	name LRU
 topology
	name TREE
	h 1
	k 2
	max_delay 0.034
	n_classes 10
	min_delay 0.004
 strategy
	replacement_interval 60.0
	n_replacements 10000
	name LFU_TRACE
 content_placement
	name UNIFORM
 cache_placement
	network_cache 50
	name UNIFORM
 warmup_strategy
	name LFU_TRACE
 desc strategy: LFU_TRACE, num_of_vms: 1000
RESULTS:

 LATENCY
	SAT_TIMES
		1620.0151951 [0.029049295774647887, 0.0649070385126162, 0.06423667865315462]
		1980.01892316 [0.03806416530723219, 0.08587257617728532, 0.08620979962956726]
		240.0047154 [0.02815254542183846, 0.07261167809938096, 0.07567208762031198]
		2820.02930619 [0.03370687373158034, 0.0648209549071618, 0.06561679790026247]
		3360.03565458 [0.024752475247524754, 0.04912107770658781, 0.05056366047745358]
		3060.03199634 [0.046695468333486534, 0.0913688469318948, 0.08891474156556424]
		1440.01404843 [0.020319930825767402, 0.03844862323707186, 0.038068556361239285]
		2700.02858586 [0.04381443298969072, 0.09321475625823451, 0.09206510681586978]
		540.007696282 [0.028307746916319106, 0.05943708609271523, 0.06229012760241773]
		1500.01453907 [0.03575367647058823, 0.07365003417634997, 0.07375381485249237]
		2340.02342689 [0.04328059647208583, 0.09231528714826395, 0.09145129224652088]
		1080.01149035 [0.02056220718375846, 0.04246214614878209, 0.04516560722649716]
		3180.03348006 [0.03392226148409894, 0.06978653530377668, 0.06967953985209531]
		3000.03178533 [0.03229203229203229, 0.0587943848059455, 0.059782608695652176]
		180.00415373 [0.04714572314426409, 0.08592200925313946, 0.08753982894516184]
		3240.03527413 [0.043602771362586605, 0.07974940738232306, 0.0804028678729942]
		2160.02154403 [0.04665882991228863, 0.09353104122535441, 0.09195971603103847]
		600.007888887 [0.018962247888295123, 0.03746063318415382, 0.038186950024904534]
		3540.03927677 [0.04044655929721815, 0.08110848259547145, 0.08032869361059869]
		2400.02423983 [0.02077513966480447, 0.04799070076386582, 0.04809452487934764]
		420.007394316 [0.03166726813424756, 0.07741393786733837, 0.07635101636093208]
		2880.03138684 [0.04347021827598964, 0.10923518487253081, 0.10076385503006663]
		3420.03866317 [0.03940314510364546, 0.06916043225270158, 0.07019294743845642]
		1560.01493918 [0.03409090909090909, 0.07662018047579984, 0.07875062302708091]
		660.00789697 [0.03621323529411765, 0.0855386716749189, 0.0818936877076412]
		2280.02331897 [0.04068159514675707, 0.07673226393252852, 0.07498766650222002]
		2640.0284239 [0.0382641577383632, 0.07783837382250867, 0.07558528428093646]
		2220.02329964 [0.02942225392296719, 0.06027351004558501, 0.0608579980046558]
		1920.0186674 [0.03399330982732122, 0.07666328942924687, 0.0715590237423211]
		1680.01543772 [0.034944304707150556, 0.06639906338852651, 0.06794162053346754]
		3300.03542039 [0.03674371489087393, 0.09023569023569024, 0.08638874937217479]
		1260.01361024 [0.02027085310100923, 0.04537234916981753, 0.042939719240297276]
		1200.01345897 [0.03175166297117517, 0.06817067189798921, 0.0689943200801871]
		1740.01605419 [0.044768020258659676, 0.0967159277504105, 0.09378567933452944]
		1320.01368295 [0.03739075592395711, 0.07824491157824491, 0.07878186031115525]
		2760.0291826 [0.026146069374237406, 0.05042016806722689, 0.05102210403855742]
		960.009980382 [0.035455925694382426, 0.06761857869686526, 0.07182506307821698]
		2040.02057645 [0.034087834791234554, 0.06760847628657922, 0.0659821578858778]
		3120.03321382 [0.04030763528539659, 0.08501344086021505, 0.08733549820543497]
		1020.01065644 [0.029048263419034732, 0.07459915611814345, 0.06970954356846473]
		120.003323324 [0.023306755454306494, 0.05177613941018767, 0.05116355834296089]
		900.009863417 [0.03206608633860366, 0.071227430843134, 0.07194480946123522]
		300.006640832 [0.009988048488987536, 0.020696452036793694, 0.023421588594704685]
		360.007251878 [0.02314650585313941, 0.054, 0.05482456140350877]
		2940.03165324 [0.03623774840392051, 0.07473769168684423, 0.0783709787816564]
		2460.02433502 [0.035842293906810034, 0.07234113157458105, 0.0741849634065203]
		1380.01400078 [0.03566820276497696, 0.08015330778203633, 0.08230027548209366]
		2100.02116868 [0.0332384537691672, 0.0872210953346856, 0.08411214953271028]
		3480.03924127 [0.048182425341093404, 0.10835597826086957, 0.10413816689466485]
		60.001879684 [0.04164378546586125, 0.08088605470716563, 0.08425646189996643]
		480.007469601 [0.039457127449218046, 0.07261167809938096, 0.07396351575456053]
		840.009818027 [0.027917660570721797, 0.07403189066059225, 0.07444005270092227]
		720.008109575 [0.040481885020816726, 0.0678191489361702, 0.07174374897859127]
		2520.02677704 [0.04702678166137086, 0.09096816114359974, 0.09530156614461846]
		1140.01182769 [0.04144469525959368, 0.07892140743176587, 0.08098118279569892]
		1800.01647061 [0.036511337261203355, 0.07719065761139639, 0.07488914435867959]
		2580.02809885 [0.02024432809773124, 0.04464139176103726, 0.045400643740470946]
		3600.03991194 [0.032433482229559135, 0.06000745434215431, 0.05476490722392362]
		780.008359231 [0.018672919923571306, 0.03995936335929563, 0.042075965946299934]
		1860.01818618 [0.029245449726100017, 0.06395348837209303, 0.061383189940436796]
	CLASS_REVENUE [206909.00316631165, 225340.52927617234, 287051.9679910218, 335920.57592300704, 269349.5153094696, 298996.6850925401, 218195.53848227178, 320728.9946380661, 276937.8340916548, 252135.57907476253]
	NODE_IDLE_TIMES
		1620.0151951 [0.8771084822768836, 0.8658218250348089, 0.8626750101264381]
		1980.01892316 [0.7824990689767685, 0.7485549898287037, 0.7559638788604136]
		240.0047154 [0.8169725251623478, 0.767459105528837, 0.7549109731947603]
		2820.02930619 [0.8083491968228117, 0.8044608040634567, 0.8008303288192221]
		3360.03565458 [0.8593533519842355, 0.8396326081034134, 0.8378902718138594]
		3060.03199634 [0.7620855002275491, 0.7429251429361918, 0.7472832309590788]
		1440.01404843 [0.8763430060492706, 0.880092970831714, 0.8787274557211804]
		2700.02858586 [0.7608989943933757, 0.7057307838379767, 0.7194277904156137]
		540.007696282 [0.8346056124673288, 0.8143359593278899, 0.8076125358769589]
		1500.01453907 [0.8093488555468813, 0.7942721927906287, 0.7925978294678672]
		2340.02342689 [0.7517690830623314, 0.7099679939533788, 0.7141887168497927]
		1080.01149035 [0.8606388433647196, 0.838063374661422, 0.8321289227417474]
		3180.03348006 [0.8226963077515375, 0.7988223258966347, 0.7998791664169516]
		3000.03178533 [0.7561246809680274, 0.7454649414113903, 0.7442574404542028]
		180.00415373 [0.7863739101992733, 0.7672449237492944, 0.7695065275669772]
		3240.03527413 [0.7631867753755154, 0.7522838453152592, 0.751260997522611]
		2160.02154403 [0.7688770692649323, 0.7135254032596651, 0.7186917809007386]
		600.007888887 [0.8937097408224087, 0.891201715552209, 0.8883919891483504]
		3540.03927677 [0.8146343375172924, 0.7871952616587068, 0.7829678308378828]
		2400.02423983 [0.8632596300068509, 0.8438597921854157, 0.8430332200089017]
		420.007394316 [0.8348567475530408, 0.8008880101793986, 0.7992774827034891]
		2880.03138684 [0.7674267538454885, 0.7022032863609354, 0.7153701523383821]
		3420.03866317 [0.7831508102425194, 0.7945173255123578, 0.7901722723968971]
		1560.01493918 [0.8048359859982998, 0.7548903871959449, 0.7507970470572463]
		660.00789697 [0.8134721233479943, 0.7938071102922676, 0.7944953169992209]
		2280.02331897 [0.7746414799421627, 0.7574491872656192, 0.7669793899904681]
		2640.0284239 [0.7939037942580519, 0.7801155332668142, 0.7888891101513164]
		2220.02329964 [0.8286878013039781, 0.8154067698646348, 0.8087926343149637]
		1920.0186674 [0.8224123370477137, 0.757783380700238, 0.773332096557423]
		1680.01543772 [0.7755289460870918, 0.7528228495640898, 0.7516054849776319]
		3300.03542039 [0.7933954314335316, 0.7405988144424227, 0.7490062372076033]
		1260.01361024 [0.8644845777810735, 0.847818187931591, 0.8570836269576739]
		1200.01345897 [0.8080887846319567, 0.7822333443452801, 0.7811158597766747]
		1740.01605419 [0.7766531183886162, 0.7282820046148772, 0.732951109885982]
		1320.01368295 [0.7965317617618791, 0.7787991838051749, 0.7744725805457697]
		2760.0291826 [0.864032923798054, 0.8597522854029411, 0.8582308575455684]
		960.009980382 [0.8004302732194977, 0.7910154749528221, 0.784767651872596]
		2040.02057645 [0.8239502266871707, 0.8081644061058897, 0.8170535779866259]
		3120.03321382 [0.7661196952020494, 0.7442952735241425, 0.7428273112848063]
		1020.01065644 [0.8689920289011012, 0.8205644444740253, 0.8311061669024041]
		120.003323324 [0.8591575984095178, 0.8390753071515856, 0.8387866102684837]
		900.009863417 [0.8007744337968796, 0.7416460560712719, 0.7375828609156456]
		300.006640832 [0.9228239057888223, 0.9242300681123626, 0.9172513310019542]
		360.007251878 [0.9055103026008031, 0.862591623822894, 0.8615997922645334]
		2940.03165324 [0.8401627474823742, 0.8043393509892388, 0.8034444335172904]
		2460.02433502 [0.7997850094993968, 0.8004796481529921, 0.7987690782104548]
		1380.01400078 [0.8066865106007687, 0.7487679737432157, 0.7526511777195984]
		2100.02116868 [0.8081754295049433, 0.7531234361799899, 0.7566688591536423]
		3480.03924127 [0.7570513236615979, 0.6992193171961684, 0.7171804160934508]
		60.001879684 [0.7870308209336527, 0.7713656004987275, 0.7606590930194163]
		480.007469601 [0.7419352018801594, 0.7343113182969906, 0.729847779434932]
		840.009818027 [0.8393709247405545, 0.7919331611247484, 0.793067291856591]
		720.008109575 [0.7840411286824668, 0.7678316808963594, 0.7581072169694193]
		2520.02677704 [0.7587303155939087, 0.7165641727158542, 0.7082566260414763]
		1140.01182769 [0.7776143512764575, 0.762954617145991, 0.7628719075121074]
		1800.01647061 [0.7946540000776362, 0.7737692610781722, 0.778233145904248]
		2580.02809885 [0.8638635412320731, 0.8464039421598584, 0.8473868630453145]
		3600.03991194 [0.7620268649465111, 0.7698059106165539, 0.7811642313563333]
		780.008359231 [0.8995575994886613, 0.8986950384555716, 0.886791372384549]
		1860.01818618 [0.7995208534316796, 0.7874507111398953, 0.791544998992419]
	CLASS_RATE [71982, 72076, 71728, 71970, 72167, 72222, 71746, 71978, 72075, 72056]
	REVENUE_TIMES
		1620.0151951 36764.423765
		1980.01892316 48014.3208254
		240.0047154 39392.0503555
		2820.02930619 46697.4638015
		3360.03565458 32989.3202691
		3060.03199634 57126.2123454
		1440.01404843 20625.135338
		2700.02858586 53630.3198259
		540.007696282 36370.0942834
		1500.01453907 50112.3683631
		2340.02342689 54068.2048961
		1080.01149035 25782.9673575
		3180.03348006 49808.6642014
		3000.03178533 43941.1696555
		180.00415373 68847.6001248
		3240.03527413 54714.7872634
		2160.02154403 55596.4407848
		600.007888887 19974.1320831
		3540.03927677 48588.6034008
		2400.02423983 24925.5313828
		420.007394316 47232.529326
		2880.03138684 63452.8631698
		3420.03866317 55571.904227
		1560.01493918 45814.7151682
		660.00789697 65380.2885755
		2280.02331897 52611.6603067
		2640.0284239 53602.8068399
		2220.02329964 41257.1056345
		1920.0186674 51355.2060533
		1680.01543772 48093.4101357
		3300.03542039 52140.4109922
		1260.01361024 23654.7664745
		1200.01345897 38853.9231079
		1740.01605419 60915.9840927
		1320.01368295 56288.8713375
		2760.0291826 30354.6046862
		960.009980382 48266.9911474
		2040.02057645 47314.9491734
		3120.03321382 48821.9391095
		1020.01065644 51640.8510538
		120.003323324 20263.7977216
		900.009863417 46885.4663549
		300.006640832 15183.9835366
		360.007251878 40317.4506942
		2940.03165324 45092.9658563
		2460.02433502 51876.1509696
		1380.01400078 45491.1677742
		2100.02116868 55275.0576212
		3480.03924127 60750.482913
		60.001879684 0.0
		480.007469601 55489.3778508
		840.009818027 59277.3073257
		720.008109575 42795.0472787
		2520.02677704 59639.1252522
		1140.01182769 62565.691945
		1800.01647061 43914.2032519
		2580.02809885 24172.3645091
		3600.03991194 40679.4924808
		780.008359231 25143.0746817
		1860.01818618 46158.4240934
	SERVICE_RATE [117641, 80000, 80002, 79993, 79997, 68375, 60199, 71935, 40946, 40912]
	SERVICE_SAT_RATE [0.1429008593942588, 0.1029875, 0.1603834904127397, 0.10340904829172552, 0.09991624685925722, 0.055093235831809875, 0.05328992175949766, 0.12811565997080698, 0.040345821325648415, 0.037275127102072744]
	CLASS_SAT_RATE [0.10078908616042899, 0.10229479993340362, 0.10237285300022307, 0.10205641239405308, 0.1017916776365929, 0.10251723851458004, 0.10209628411340005, 0.10186445858456751, 0.10335067637877211, 0.10189297213278561]
	QoS_CLASS [218024.044078881, 232696.5907709585, 298073.4958928024, 350539.9249497549, 279724.65430263284, 306875.82893947646, 228188.81166760533, 333439.0819488267, 286171.96031179576, 262846.1318396699]
	QOS_TIMES
		1620.0151951 33.6123285266
		1980.01892316 33.6151926766
		240.0047154 33.7855538223
		2820.02930619 40.6770910635
		3360.03565458 37.7477336048
		3060.03199634 36.9050061808
		1440.01404843 30.2933088446
		2700.02858586 34.7955731948
		540.007696282 35.6948997463
		1500.01453907 40.7674524626
		2340.02342689 34.8682075508
		1080.01149035 34.2967653298
		3180.03348006 41.0397014598
		3000.03178533 41.1389345117
		180.00415373 45.0750806653
		3240.03527413 39.4057301326
		2160.02154403 34.4932716087
		600.007888887 30.1956307723
		3540.03927677 35.3426801349
		2400.02423983 31.2269680857
		420.007394316 37.6676807597
		2880.03138684 37.4185202288
		3420.03866317 44.1916975819
		1560.01493918 35.6244540014
		660.00789697 47.8915805507
		2280.02331897 38.9178945813
		2640.0284239 40.583482668
		2220.02329964 39.838701936
		1920.0186674 41.5742419134
		1680.01543772 41.1606514704
		3300.03542039 36.7424541959
		1260.01361024 31.3852367734
		1200.01345897 33.7639282838
		1740.01605419 37.6054414893
		1320.01368295 42.2061472662
		2760.0291826 33.8255203066
		960.009980382 39.7534727028
		2040.02057645 41.0424671695
		3120.03321382 34.2483901845
		1020.01065644 44.4863148833
		120.003323324 23.7094664389
		900.009863417 38.8687824329
		300.006640832 40.6699435505
		360.007251878 45.129585527
		2940.03165324 34.7025956602
		2460.02433502 41.2213578908
		1380.01400078 34.7788684068
		2100.02116868 40.8168200978
		3480.03924127 35.5453979729
		60.001879684 33.606961298
		480.007469601 42.7948666722
		840.009818027 49.1876592172
		720.008109575 33.7329198251
		2520.02677704 37.0672357626
		1140.01182769 44.9782867676
		1800.01647061 33.6016890961
		2580.02809885 32.0465811666
		3600.03991194 43.0673160984
		780.008359231 36.2911280617
		1860.01818618 43.1481634024
	PRICE_TIMES
		0 [100.0, 100.0, 100.0, 100.0, 100.0, 100.0]
		1980.01892316 [11.406396487551902, 43.63664377106804, 43.63664377106804]
		240.0047154 [11.149087064544428, 42.512329054684265, 42.602089243395525]
		2820.02930619 [14.065330197884052, 49.67725064160187, 49.67725064160187]
		3360.03565458 [12.149259040541999, 42.96883266994835, 43.020631067934]
		3060.03199634 [12.17379163545418, 43.796047702449265, 43.64307155948848]
		1440.01404843 [9.3612165832457, 40.76495203824702, 41.13319925764802]
		2700.02858586 [10.672225811823047, 43.63664377106804, 43.874871616246374]
		540.007696282 [10.66008191575568, 43.71669061148669, 43.809376902663196]
		1500.01453907 [11.648643785001875, 45.602656000351864, 46.2202480638151]
		2340.02342689 [11.42042998622594, 43.63664377106804, 43.63664377106804]
		1620.0151951 [9.263862775943178, 41.87898191515301, 43.04768031694249]
		1080.01149035 [9.261506387565152, 38.54752119565751, 40.41205186492957]
		3180.03348006 [12.377416221199592, 44.45348376336487, 44.38988368314538]
		3000.03178533 [13.665736276583761, 48.53943558211235, 48.18548749490413]
		180.00415373 [12.622292587295005, 47.033206358074644, 46.732910750093254]
		3240.03527413 [11.04457425110501, 41.3539440318313, 41.3539440318313]
		2160.02154403 [11.39697132331926, 43.63664377106804, 43.63664377106804]
		600.007888887 [9.3612165832457, 40.90119658100915, 41.6595105532102]
		3540.03927677 [11.42042998622594, 43.63664377106804, 43.63664377106804]
		2400.02423983 [11.42042998622594, 43.63664377106804, 43.63664377106804]
		420.007394316 [11.149087064544428, 42.45588291502436, 42.37494508171294]
		2880.03138684 [11.587408276609525, 43.68512256440798, 43.78020213544981]
		3420.03866317 [13.912032711168619, 49.479107374401885, 49.67725064160187]
		1560.01493918 [11.111052921522054, 44.38229210298516, 43.87890164722859]
		660.00789697 [12.622292587295005, 46.57144792615985, 46.57144792615985]
		2280.02331897 [11.04457425110501, 41.3539440318313, 41.3539440318313]
		2640.0284239 [11.393579135814191, 45.972952597212995, 46.081918128057914]
		2220.02329964 [12.502576386760829, 44.5354006941956, 44.69438021159405]
		1920.0186674 [10.835318308517786, 41.38030924117613, 40.988982273694575]
		1680.01543772 [13.592623828646275, 48.17116845881202, 48.48393612583405]
		3300.03542039 [11.42042998622594, 43.63664377106804, 43.63664377106804]
		1260.01361024 [9.796515703631549, 40.97671792021097, 40.886842518842606]
		1200.01345897 [11.034831807112479, 44.12738215804538, 43.38590534055149]
		1740.01605419 [12.158189177930842, 44.05862402873692, 43.87810806431859]
		1320.01368295 [11.393579135814191, 45.602656000351864, 45.602656000351864]
		2760.0291826 [9.3612165832457, 40.98339734834096, 40.857857006781806]
		960.009980382 [13.591012691315663, 47.98525757236881, 47.91610072980982]
		2040.02057645 [13.920195160790003, 49.5144363017756, 49.67725064160187]
		3120.03321382 [11.42042998622594, 43.63664377106804, 43.63664377106804]
		1020.01065644 [13.331096808009418, 44.06853679570915, 43.8552937779813]
		120.003323324 [8.798554120981464, 39.72074672044639, 39.15728516039627]
		900.009863417 [11.149087064544428, 43.489463938879766, 43.59153827234927]
		300.006640832 [13.591012691315663, 47.91610072980982, 47.91610072980982]
		360.007251878 [11.988434176432056, 43.90617928029804, 43.642658360761715]
		2940.03165324 [10.93822064668907, 43.63664377106804, 43.63664377106804]
		2460.02433502 [12.356106184511654, 45.53297853355493, 45.602656000351864]
		1380.01400078 [11.04374400871595, 43.70860897956295, 44.38375698284933]
		2100.02116868 [11.04457425110501, 41.203043719548134, 41.80111273626646]
		3480.03924127 [12.902630746222002, 43.76913532860121, 43.85159558281963]
		60.001879684 [10.855826686855522, 41.37641008351913, 41.328254405027465]
		480.007469601 [12.117366319800677, 45.72973397194281, 45.82853243467402]
		840.009818027 [11.04457425110501, 41.10790700176436, 41.63418403305747]
		720.008109575 [11.149087064544428, 43.29320075598477, 43.00060387320039]
		2520.02677704 [10.211802915807223, 43.63664377106804, 43.63664377106804]
		1140.01182769 [14.445822621608848, 48.64718661279751, 48.64718661279751]
		1800.01647061 [11.339670046390708, 43.63664377106804, 43.63664377106804]
		2580.02809885 [10.029717833489384, 40.54023434698132, 41.55935904969309]
		3600.03991194 [13.665736276583761, 47.91610072980982, 48.54069976351597]
		780.008359231 [13.915142232653436, 49.1921868155123, 49.67725064160187]
		1860.01818618 [13.647384767514417, 49.355255225178354, 49.67725064160187]
	SERVICE_REVENUE [956367.7294222931, 374573.7317625862, 49004.31377571424, 361141.18235811614, 442168.8777168093, 191536.2062514106, 84109.26785555185, 195323.8140992586, 33879.60462341811, 3461.4951802788855]
	QoS_SERVICE [8.320669199092553, 4.846138318969041, 0.7619184599848112, 4.718981484925407, 5.757238144904256, 2.8430966647768376, 1.4580570529136303, 2.876095276964164, 0.9176493057089233, 0.10752479211013799]
	NODE_VM_PRICES
		0 [36.072027892585886, 34.52386937357866, 33.25240605366173, 33.197180599017045, 32.77071188052906, 31.27971461629748, 30.484707609146277, 30.387037790567945, 30.077116342061316, 29.072196180387902, 28.65884190301862, 28.610626993343914, 27.89802354963274, 27.81507869520791, 26.14950291850618, 25.384681019151465, 25.01986740803685, 24.85392168982427, 24.385271565919233, 23.762070862190512, 23.45314372881811, 23.022860886913676, 22.70333911219229, 22.28315011483817, 21.585515898573057, 21.45251622139054, 18.896387245350596, 18.719528819477357, 18.380776425723937, 18.025705433170213, 17.705687729621243, 17.151002277076582, 15.347690927460132, 15.094014781265653, 14.235550765001724, 13.742837613987414, 12.809746354955788, 11.02895754993466, 10.81833130150996, 10.371325809233978, 4.000823571679144, 3.728333091195972, 3.1956490316326978, 3.123500652463056, 2.8835151425561247, 2.7481809412124223, 2.494731748512583, 2.002931264622471, 1.9415237530158647, 1.8066605575946697, 1.8021635158264055, 1.6593914469817945, 1.3840725366228788, 1.3471422801054924, 1.2248865850890904, 1.1563392316068752, 1.0287902655350156, 0.7856904473588894, 0.7559787085933064, 0.6914620008190132, 0.005310050057430066, 0.00438606938841365, 0.0028646645324488878, 0.0026866012574673637, 0.0021409338992906, 0.001864366288375426, 0.0014056549721862051, 0.0007291233562815602, 0.0006636541816838731, 0.0005338073300640972, 0.0]
		1 [80.86806747070789, 80.26023951087902, 78.92501225487877, 78.27467176011946, 76.16142724074022, 76.14752257984752, 75.54780965761366, 74.6465119893443, 74.00922872449276, 73.3877976435137, 72.08157798635807, 71.77291066668467, 71.62812892554976, 71.51906267864291, 70.83632952603696, 70.42598837293949, 69.44389638882502, 69.08189281296346, 68.45456107106425, 67.71918811931246, 67.03072515698676, 64.1940682220342, 63.682743890153304, 63.551662488940636, 62.90252022629775, 62.75126323874571, 61.7400025327141, 60.98954425215947, 60.93493612107644, 60.21258532147601, 59.163238543261656, 58.62777227892762, 58.04228371016321, 57.22360497398456, 55.519904096078214, 55.414899684459115, 54.45115438697481, 51.107175877309345, 48.96500396280995, 48.10208814422538, 47.02514536964499, 46.177007000506656, 44.37524340113655, 43.47992857998883, 43.44117747633037, 40.29246729299299, 38.48776744764397, 36.51208813007095, 35.56401919013284, 35.051790277004585, 32.40355181146188, 30.61758404875741, 28.210524790445227, 27.346537996983376, 27.27132147179953, 25.447286250138575, 20.840107395781885, 20.052087098413153, 18.340818222574704, 15.844251574784112, 13.08758612222848, 8.548044569622308, 8.016718804813479, 6.388478838757804, 5.563211868945745, 4.194432164109904, 2.175682203909292, 1.9803241525596351, 1.5928650458543394, 0.0]
		2 [80.86806747070789, 80.26023951087902, 78.92501225487877, 78.27467176011946, 76.16142724074022, 76.14752257984752, 75.54780965761366, 74.6465119893443, 74.50174147949829, 74.00922872449276, 73.3877976435137, 72.08157798635807, 71.77291066668467, 71.62812892554976, 71.51906267864291, 70.83632952603696, 70.42598837293949, 69.44389638882502, 69.08189281296346, 68.45456107106425, 67.71918811931246, 67.03072515698676, 66.3015904069637, 64.1940682220342, 63.682743890153304, 63.551662488940636, 62.90252022629775, 62.75126323874571, 61.7400025327141, 60.98954425215947, 60.93493612107644, 60.21258532147601, 59.163238543261656, 58.62777227892762, 58.04228371016321, 57.22360497398456, 55.519904096078214, 55.414899684459115, 54.45115438697481, 51.107175877309345, 48.96500396280995, 48.10208814422538, 47.02514536964499, 46.177007000506656, 44.37524340113655, 43.47992857998883, 43.44117747633037, 40.29246729299299, 38.48776744764397, 36.51208813007095, 35.56401919013284, 35.051790277004585, 32.40355181146188, 30.61758404875741, 28.210524790445227, 27.346537996983376, 27.27132147179953, 25.447286250138575, 20.840107395781885, 20.052087098413153, 18.340818222574704, 15.844251574784112, 13.08758612222848, 8.548044569622308, 8.016718804813479, 6.388478838757804, 5.563211868945745, 4.194432164109904, 2.175682203909292, 1.9803241525596351, 1.5928650458543394, 0.0]
	IDLE_TIMES
		1620.0151951 0.288427661818
		1980.01892316 0.252739616114
		240.0047154 0.252407674225
		2820.02930619 0.267751138915
		3360.03565458 0.280139813576
		3060.03199634 0.249840369967
		1440.01404843 0.293792760147
		2700.02858586 0.240517987962
		540.007696282 0.270021838568
		1500.01453907 0.264996776659
		2340.02342689 0.238775844114
		1080.01149035 0.278217796946
		3180.03348006 0.267428483786
		3000.03178533 0.248834297555
		180.00415373 0.257272552639
		3240.03527413 0.251175663536
		2160.02154403 0.240280477861
		600.007888887 0.297025443358
		3540.03927677 0.261779708989
		2400.02423983 0.281858372799
		420.007394316 0.267230026855
		2880.03138684 0.23916193053
		3420.03866317 0.264188424262
		1560.01493918 0.25102374773
		660.00789697 0.26562881935
		2280.02331897 0.256420332637
		2640.0284239 0.263746319629
		2220.02329964 0.270416258808
		1920.0186674 0.258538379621
		1680.01543772 0.251291069332
		3300.03542039 0.250412470844
		1260.01361024 0.286545807822
		1200.01345897 0.261157398742
		1740.01605419 0.245048382271
		1320.01368295 0.258939499993
		2760.0291826 0.286940162704
		960.009980382 0.262383430674
		2040.02057645 0.273162642844
		3120.03321382 0.248356447038
		1020.01065644 0.277859386996
		120.003323324 0.280438034614
		900.009863417 0.246605749218
		300.006640832 0.306678372908
		360.007251878 0.288066107806
		2940.03165324 0.268622481205
		2460.02433502 0.267060044494
		1380.01400078 0.251635668305
		2100.02116868 0.252979259747
		3480.03924127 0.239762333637
		60.001879684 0.254327534566
		480.007469601 0.244019869774
		840.009818027 0.265151012996
		720.008109575 0.253473362772
		2520.02677704 0.236805104218
		1140.01182769 0.255056691689
		1800.01647061 0.260187981177
		2580.02809885 0.283312135657
		3600.03991194 0.261160944266
		780.008359231 0.29649942284
		1860.01818618 0.264638975314
PARAMETERS:

 computation_placement
	service_budget 1000
	name UNIFORM
	computation_budget 1000
 netconf
	alphas [0.6832681927624128, 0.5189660884505796, 0.08663246130904734, 0.46412879968615883, 0.7252785454250978, 0.6075108815383745, 0.26204664903008335, 0.2114493826524808, 0.22963228480633469, 0.07626872391900874]
	rate_dist [0.1, 0.1, 0.1, 0.1, 0.1, 0.1, 0.1, 0.1, 0.1, 0.1]
 workload
	n_contents 10
	name TRACE_DRIVEN
	n_warmup 0
	n_measured 720000
	rate_dist [0.1, 0.1, 0.1, 0.1, 0.1, 0.1, 0.1, 0.1, 0.1, 0.1]
	alpha 0.75
	rates 100
	n_services 10
	seed 0
 sched_policy
	name EDF
 cache_policy
	name LRU
 topology
	name TREE
	h 1
	k 2
	max_delay 0.034
	n_classes 10
	min_delay 0.004
 strategy
	replacement_interval 60.0
	n_replacements 10000
	name STATIC_TRACE
	trace_file top_n_trace.txt
	n_measured_requests 720000
 content_placement
	name UNIFORM
 cache_placement
	network_cache 50
	name UNIFORM
 warmup_strategy
	name LFU_TRACE
 desc strategy: STATIC_TRACE, num_of_vms: 1000
RESULTS:

 LATENCY
	SAT_TIMES
		3360.03198598 [0.034334763948497854, 0.07737801872843765, 0.07773910160782364]
		240.0047154 [0.03850374977135541, 0.09084825163125314, 0.08811815466312645]
		2820.02930619 [0.04155423637344846, 0.08272546419098144, 0.08316929133858268]
		3300.03150519 [0.0326027397260274, 0.0826738508166358, 0.07803081044876088]
		2100.02222833 [0.04002965159377316, 0.09482758620689655, 0.09262349799732977]
		1320.01368295 [0.03993785414001097, 0.09259259259259259, 0.09053293611386957]
		540.007696282 [0.032934401151804196, 0.07466887417218543, 0.07303559435862995]
		3120.03113205 [0.03776728686475979, 0.0835013440860215, 0.08682276533925824]
		2520.02737224 [0.03882183390380112, 0.08512020792722547, 0.08730423192269243]
		1080.01149035 [0.035749484813188785, 0.07472021066491112, 0.07377049180327869]
		3420.03223342 [0.04535970244035199, 0.0834441489361702, 0.08384628181666944]
		2760.0291826 [0.03800798258345428, 0.08732904926676553, 0.08858235000830979]
		2880.02934759 [0.04047575142909828, 0.10501435083572513, 0.09897610921501707]
		180.00415373 [0.04455939740448316, 0.0817911434236616, 0.08284420593660909]
		1800.01663064 [0.03731478135164438, 0.08862017558389929, 0.0855641320413861]
		600.007888887 [0.03961562868280301, 0.08519807724183656, 0.08517350157728706]
		3180.03132069 [0.039794724047897724, 0.08555008210180624, 0.08890714872637634]
		420.007394316 [0.04232707283554741, 0.09185558354324097, 0.08990249545529665]
		1200.0129782 [0.03546673868034927, 0.08402811835867255, 0.08068827263615101]
		2400.0252004 [0.03337000366703337, 0.09332447691796746, 0.09369279414212016]
		3240.03133107 [0.04238778343359556, 0.08161192008127328, 0.08159781495390918]
		1440.01505938 [0.03175895765472313, 0.08159838817998656, 0.08025708635464733]
		660.00789697 [0.04201912467819051, 0.08468499231688578, 0.08322259136212624]
		2640.0284239 [0.043641697992115154, 0.09403404395967609, 0.09264214046822743]
		2220.02329964 [0.03665353248419317, 0.08998818166469695, 0.08197539075490522]
		1680.01617185 [0.03531329228540384, 0.07576517812343202, 0.07330984734105016]
		2280.02331897 [0.046429859358095925, 0.08599305440714404, 0.08501891136326262]
		960.009980382 [0.03935102187163858, 0.0723781388478582, 0.07384356602186712]
		2700.02858586 [0.03820840950639854, 0.0862977602108037, 0.08630044082739911]
		1740.0165451 [0.0414568345323741, 0.09080459770114943, 0.08938183004403849]
		2040.02057645 [0.039172615778876076, 0.08072653884964683, 0.08113112270661504]
		2460.02724242 [0.041057059253840525, 0.09225153476024556, 0.09115103127079174]
		1020.01065644 [0.037464504900613725, 0.08691983122362869, 0.08514522821576763]
		900.009863417 [0.036039250669045494, 0.07553420573132351, 0.07621550591327202]
		300.006640832 [0.03662506782419967, 0.07703679369250986, 0.07654446707399865]
		360.007251878 [0.039455532051871606, 0.08733333333333333, 0.08906882591093117]
		3480.03443251 [0.04377358490566038, 0.09785932721712538, 0.09473324213406292]
		3060.03067982 [0.04232220075443923, 0.0921961907972358, 0.08974572045870034]
		1380.01400078 [0.03462923630990858, 0.08165305782369606, 0.08436639118457301]
		3000.03008345 [0.030889729824870194, 0.06276841757515692, 0.062088274044795784]
		2340.02342689 [0.0381135179599671, 0.09675826888267237, 0.0965871438038436]
		60.001879684 [0.04305156929913897, 0.09162611176371875, 0.09449479691171533]
		480.007469601 [0.03639452740767236, 0.06859628576208801, 0.06865671641791045]
		3600.03680884 [0.03495470657739268, 0.07230711889675737, 0.0689965771932985]
		2160.02265126 [0.04233234046394079, 0.0920645266416816, 0.09063893016344725]
		1620.01559837 [0.04560469810974491, 0.0997675962815405, 0.10542661000326904]
		1980.0196693 [0.0381553664562174, 0.09287925696594428, 0.09580737497895268]
		1500.01511247 [0.046441665883237754, 0.09398496240601503, 0.09477789081044422]
		2940.02949562 [0.041700735895339326, 0.08458434221146086, 0.08692676249144421]
		2580.02803296 [0.032595829918965674, 0.08353848678811751, 0.08588853125529392]
		1260.01340738 [0.03197413328543201, 0.08038796646391583, 0.08356729975227085]
		840.009818027 [0.03605855051767226, 0.08232997071265864, 0.08415678524374176]
		720.008109575 [0.03474011550422035, 0.07263962765957446, 0.07272430135643079]
		1140.01182769 [0.041030275643922275, 0.08138770141400856, 0.07997311827956989]
		1920.0186674 [0.041693334552436685, 0.08696386355960824, 0.08251701809729371]
		1560.01525138 [0.03573031690456953, 0.08105004101722724, 0.08041202857617545]
		780.008359231 [0.03947486736804244, 0.07551642397561802, 0.07220039292730845]
		120.003303233 [0.03669975412075403, 0.09014745308310992, 0.08466743687077076]
		3540.03491901 [0.040583968414287026, 0.08445945945945946, 0.08266264252179745]
		1860.01818618 [0.03220338983050847, 0.07259136212624585, 0.07015221707478492]
	CLASS_REVENUE [244912.02016394614, 263509.13532094384, 352733.84026835393, 401159.47029183625, 316357.5227046853, 352623.06603746145, 261509.31973435584, 384004.9707062272, 336022.8267701294, 307925.22858102527]
	NODE_IDLE_TIMES
		3360.03198598 [0.7966264060016583, 0.7558445763878305, 0.7559232262436534]
		240.0047154 [0.7829033854880036, 0.7272824502978477, 0.7322097268412268]
		2820.02930619 [0.7687869836854659, 0.7510366409179335, 0.7472539286966636]
		3300.03150519 [0.8249605052081981, 0.7585892770852042, 0.772369008931891]
		2100.02222833 [0.7773333894229671, 0.7271478685253208, 0.7300393980379508]
		1320.01368295 [0.7820813367542011, 0.7390245052076863, 0.741479358973393]
		540.007696282 [0.8134218102964536, 0.7706869955929156, 0.778754250945379]
		3120.03113205 [0.7813940089188915, 0.75492556070825, 0.7499674976711204]
		2520.02737224 [0.7927485034555797, 0.7144061284684945, 0.7153359675027772]
		1080.01149035 [0.7878430406456683, 0.7573051248771246, 0.764120798069072]
		3420.03223342 [0.7515990153009161, 0.7500716625050643, 0.7495324177058778]
		2760.0291826 [0.7979897314434747, 0.7419890713267188, 0.7409740927820724]
		2880.02934759 [0.7972287925250786, 0.712256834443814, 0.718289580989323]
		180.00415373 [0.7695676656026336, 0.7602487030605379, 0.7618338417561592]
		1800.01663064 [0.7928184087253121, 0.733579746286667, 0.7412335402183874]
		600.007888887 [0.7858609043631013, 0.7527494717059658, 0.7530350175632391]
		3180.03132069 [0.7898554041848825, 0.7569059435269051, 0.7496736167998674]
		420.007394316 [0.7914094961688694, 0.7558805137977831, 0.7567987697748879]
		1200.0129782 [0.798255352946836, 0.7476141294955743, 0.7602708377468944]
		2400.0252004 [0.8107845934665581, 0.7115959646655036, 0.7120649470148568]
		3240.03133107 [0.773705214620629, 0.7377270081346138, 0.7354944949689245]
		1440.01505938 [0.82236943711486, 0.7543969201615427, 0.7539660339282858]
		660.00789697 [0.7880474011866955, 0.7733332496505525, 0.7715992776445266]
		2640.0284239 [0.7665845324851573, 0.7334312795238673, 0.7378579293681216]
		2220.02329964 [0.7879206884343057, 0.7532024296739623, 0.765300100265138]
		1680.01617185 [0.7735676355340482, 0.7399141026884609, 0.7463175583170159]
		2280.02331897 [0.7441726809263977, 0.7081318111025178, 0.7174135707661355]
		960.009980382 [0.7795958797472258, 0.7769521238810666, 0.7772140765260273]
		2700.02858586 [0.7884362598970241, 0.7220609535095511, 0.7321915718659897]
		1740.0165451 [0.7893530490824184, 0.7391951054650604, 0.7408835349466439]
		2040.02057645 [0.805087157335749, 0.7695081875355961, 0.7679881057641516]
		2460.02724242 [0.7756687947639307, 0.7551314157480288, 0.7588081979506589]
		1020.01065644 [0.8137816576059895, 0.7636054832465463, 0.7643170768233327]
		900.009863417 [0.7849015305836265, 0.7494569548692532, 0.74804348435508]
		300.006640832 [0.7868541738470525, 0.7564935834362315, 0.7656205059955903]
		360.007251878 [0.7962708680534306, 0.7445243906497676, 0.7424557478373427]
		3480.03443251 [0.7795196295170879, 0.7336375264846925, 0.7453692766241323]
		3060.03067982 [0.7836894014390994, 0.7361550636156464, 0.7398953745274386]
		1380.01400078 [0.8121268398576443, 0.7376507634153893, 0.7392699047259373]
		3000.03008345 [0.7747363612067137, 0.7623090406625136, 0.7635380893634226]
		2340.02342689 [0.7833536630074858, 0.7020427632666939, 0.7035888129198792]
		60.001879684 [0.7908307710059377, 0.7428892391333167, 0.7346518191380472]
		480.007469601 [0.7672285883688221, 0.7630645449251158, 0.7615449327677709]
		3600.03680884 [0.7819099634092902, 0.7682504462298851, 0.7705817929692979]
		2160.02265126 [0.7745130830359094, 0.7069363129239445, 0.7152417054887606]
		1620.01559837 [0.7906456965735488, 0.7405344441260082, 0.7200501914214947]
		1980.0196693 [0.7889874991800128, 0.7293629811522272, 0.7304115405032836]
		1500.01511247 [0.7580218761227855, 0.734377215734675, 0.7303638158756315]
		2940.02949562 [0.7937649331733129, 0.7520266550086394, 0.7604195089249228]
		2580.02803296 [0.811138940168097, 0.7341206392683246, 0.7344584274889918]
		1260.01340738 [0.8149092734578971, 0.7461457362412997, 0.7401832195573764]
		840.009818027 [0.7930249472217421, 0.7512871177916596, 0.7486699519181781]
		720.008109575 [0.7971509021584708, 0.7628381497264236, 0.7578011565524209]
		1140.01182769 [0.7731477849429603, 0.7472338902590454, 0.7567518946589269]
		1920.0186674 [0.7751611760950183, 0.7259007422462591, 0.7352651660823817]
		1560.01525138 [0.7930550919569547, 0.7405231700597743, 0.7452520761801983]
		780.008359231 [0.791446708993724, 0.79059896798035, 0.7919680178765651]
		120.003303233 [0.7799792625238361, 0.7195902931872509, 0.7317896525113315]
		3540.03491901 [0.7932741064530422, 0.7518987985630172, 0.7548373454129726]
		1860.01818618 [0.796979052780381, 0.7767445222586469, 0.7829295664847646]
	CLASS_RATE [71982, 72076, 71728, 71970, 72167, 72222, 71746, 71978, 72075, 72056]
	REVENUE_TIMES
		3360.03198598 55320.1053323
		240.0047154 52349.5761445
		2820.02930619 55744.209607
		3300.03150519 45888.9561868
		2100.02222833 59721.8368077
		1320.01368295 60724.5481036
		540.007696282 44196.4926812
		3120.03113205 49992.3130855
		2520.02737224 52386.8106224
		1080.01149035 49052.9011041
		3420.03223342 53550.0342075
		2760.0291826 55195.5384656
		2880.02934759 59334.5070465
		180.00415373 57464.5907139
		1800.01663064 55532.1902059
		600.007888887 56734.4593654
		3180.03132069 57906.3393047
		420.007394316 58268.955953
		1200.0129782 48197.3694708
		2400.0252004 59240.2163773
		3240.03133107 52379.4940307
		1440.01505938 51462.1618054
		660.00789697 58218.4721195
		2640.0284239 58816.5678188
		2220.02329964 55916.4514562
		1680.01617185 52287.1589028
		2280.02331897 54451.219232
		960.009980382 52146.6046388
		2700.02858586 52015.0761173
		1740.0165451 56704.428555
		2040.02057645 53594.4547257
		2460.02724242 59200.9050304
		1020.01065644 52638.6491249
		900.009863417 47428.8048375
		300.006640832 56255.6229112
		360.007251878 51965.8447772
		3480.03443251 54823.8171152
		3060.03067982 54742.7829367
		1380.01400078 49648.2377871
		3000.03008345 42531.2880839
		2340.02342689 56196.9130407
		60.001879684 57174.7808927
		480.007469601 47951.298306
		3600.03680884 41688.1596991
		2160.02265126 56312.342691
		1620.01559837 65071.0743927
		1980.0196693 56052.1694824
		1500.01511247 60927.0517508
		2940.02949562 53664.0994186
		2580.02803296 53269.4593172
		1260.01340738 53945.4080791
		840.009818027 56369.127948
		720.008109575 42251.9724408
		1140.01182769 55432.8697873
		1920.0186674 50876.428634
		1560.01525138 49830.2535247
		780.008359231 51590.6899982
		120.003303233 55401.0681531
		3540.03491901 52298.4522854
		1860.01818618 50423.7879446
	SERVICE_RATE [117641, 80000, 80002, 79993, 79997, 68375, 60199, 71935, 40946, 40912]
	SERVICE_SAT_RATE [0.1722018683962224, 0.112425, 0.1813204669883253, 0.10647181628392484, 0.11244171656437116, 0.057038391224862886, 0.06581504676157411, 0.17481059289636477, 0.06257021442875983, 0.048494329292139225]
	CLASS_SAT_RATE [0.11944652829874135, 0.11962373050668738, 0.12162614320767343, 0.1200500208420175, 0.11908490030069145, 0.11934036720112985, 0.11997881414991776, 0.11828614298813526, 0.11965313909122442, 0.1208782058399023]
	QoS_CLASS [252644.67325328992, 268084.8826388763, 359764.1577200465, 409171.8927719505, 322244.6029756385, 355388.26765351923, 267696.84425031673, 389069.73552597064, 340497.0202124943, 313592.0530525216]
	QOS_TIMES
		3360.03198598 42.4588451801
		240.0047154 35.6499872898
		2820.02930619 38.6819524641
		3300.03150519 35.6106393551
		2100.02222833 39.2611541635
		1320.01368295 40.1420040143
		540.007696282 35.9522081288
		3120.03113205 36.0373745273
		2520.02737224 36.0731012174
		1080.01149035 38.5544649261
		3420.03223342 36.2487897377
		2760.0291826 37.919254478
		2880.02934759 36.2088582742
		180.00415373 39.4771237021
		1800.01663064 38.4588420376
		600.007888887 39.4116716755
		3180.03132069 39.1693921877
		420.007394316 38.1515180201
		1200.0129782 35.3006003914
		2400.0252004 40.4950968608
		3240.03133107 37.6036061485
		1440.01505938 39.5603746328
		660.00789697 40.6798988986
		2640.0284239 37.49004546
		2220.02329964 39.9026005279
		1680.01617185 41.5493135279
		2280.02331897 35.7397555249
		960.009980382 40.2238913072
		2700.02858586 36.4874755482
		1740.0165451 36.9501358774
		2040.02057645 39.2443374742
		2460.02724242 38.7908274068
		1020.01065644 37.2716927285
		900.009863417 36.4531032392
		300.006640832 43.1180641338
		360.007251878 35.7207405287
		3480.03443251 35.0420897443
		3060.03067982 36.0329841241
		1380.01400078 37.2565694587
		3000.03008345 39.0891724022
		2340.02342689 36.072415056
		60.001879684 36.9530581776
		480.007469601 39.655785118
		3600.03680884 37.7185328976
		2160.02265126 36.1913861666
		1620.01559837 37.980199312
		1980.0196693 36.6995479631
		1500.01511247 38.7054357097
		2940.02949562 36.6385784172
		2580.02803296 39.4605172305
		1260.01340738 40.6126815817
		840.009818027 40.3349155214
		720.008109575 33.8223796769
		1140.01182769 39.5772512931
		1920.0186674 35.3020123562
		1560.01525138 36.8686829724
		780.008359231 39.5860663707
		120.003303233 38.763332436
		3540.03491901 37.1042829751
		1860.01818618 41.9662798014
	PRICE_TIMES
		0 [11.535787864874687, 44.077417950573775, 44.077417950573775]
		3360.03198598 [11.535787864874687, 44.077417950573775, 44.077417950573775]
		240.0047154 [11.535787864874687, 44.077417950573775, 44.077417950573775]
		2820.02930619 [11.535787864874687, 44.077417950573775, 44.077417950573775]
		3300.03150519 [11.535787864874687, 44.077417950573775, 44.077417950573775]
		2100.02222833 [11.535787864874687, 44.077417950573775, 44.077417950573775]
		1320.01368295 [11.535787864874687, 44.077417950573775, 44.077417950573775]
		540.007696282 [11.535787864874687, 44.077417950573775, 44.077417950573775]
		3120.03113205 [11.535787864874687, 44.077417950573775, 44.077417950573775]
		2520.02737224 [11.535787864874687, 44.077417950573775, 44.077417950573775]
		1080.01149035 [11.535787864874687, 44.077417950573775, 44.077417950573775]
		3420.03223342 [11.535787864874687, 44.077417950573775, 44.077417950573775]
		2760.0291826 [11.535787864874687, 44.077417950573775, 44.077417950573775]
		2880.02934759 [11.535787864874687, 44.077417950573775, 44.077417950573775]
		180.00415373 [11.535787864874687, 44.077417950573775, 44.077417950573775]
		1800.01663064 [11.535787864874687, 44.077417950573775, 44.077417950573775]
		600.007888887 [11.535787864874687, 44.077417950573775, 44.077417950573775]
		3180.03132069 [11.535787864874687, 44.077417950573775, 44.077417950573775]
		420.007394316 [11.535787864874687, 44.077417950573775, 44.077417950573775]
		1200.0129782 [11.535787864874687, 44.077417950573775, 44.077417950573775]
		2400.0252004 [11.535787864874687, 44.077417950573775, 44.077417950573775]
		3240.03133107 [11.535787864874687, 44.077417950573775, 44.077417950573775]
		1440.01505938 [11.535787864874687, 44.077417950573775, 44.077417950573775]
		660.00789697 [11.535787864874687, 44.077417950573775, 44.077417950573775]
		2640.0284239 [11.535787864874687, 44.077417950573775, 44.077417950573775]
		2220.02329964 [11.535787864874687, 44.077417950573775, 44.077417950573775]
		1680.01617185 [11.535787864874687, 44.077417950573775, 44.077417950573775]
		2280.02331897 [11.535787864874687, 44.077417950573775, 44.077417950573775]
		960.009980382 [11.535787864874687, 44.077417950573775, 44.077417950573775]
		2700.02858586 [11.535787864874687, 44.077417950573775, 44.077417950573775]
		1740.0165451 [11.535787864874687, 44.077417950573775, 44.077417950573775]
		2040.02057645 [11.535787864874687, 44.077417950573775, 44.077417950573775]
		2460.02724242 [11.535787864874687, 44.077417950573775, 44.077417950573775]
		1020.01065644 [11.535787864874687, 44.077417950573775, 44.077417950573775]
		900.009863417 [11.535787864874687, 44.077417950573775, 44.077417950573775]
		300.006640832 [11.535787864874687, 44.077417950573775, 44.077417950573775]
		360.007251878 [11.535787864874687, 44.077417950573775, 44.077417950573775]
		3480.03443251 [11.535787864874687, 44.077417950573775, 44.077417950573775]
		3060.03067982 [11.535787864874687, 44.077417950573775, 44.077417950573775]
		1380.01400078 [11.535787864874687, 44.077417950573775, 44.077417950573775]
		3000.03008345 [11.535787864874687, 44.077417950573775, 44.077417950573775]
		2340.02342689 [11.535787864874687, 44.077417950573775, 44.077417950573775]
		60.001879684 [11.535787864874687, 44.077417950573775, 44.077417950573775]
		480.007469601 [11.535787864874687, 44.077417950573775, 44.077417950573775]
		3600.03680884 [11.535787864874687, 44.077417950573775, 44.077417950573775]
		2160.02265126 [11.535787864874687, 44.077417950573775, 44.077417950573775]
		1620.01559837 [11.535787864874687, 44.077417950573775, 44.077417950573775]
		1980.0196693 [11.535787864874687, 44.077417950573775, 44.077417950573775]
		1500.01511247 [11.535787864874687, 44.077417950573775, 44.077417950573775]
		2940.02949562 [11.535787864874687, 44.077417950573775, 44.077417950573775]
		2580.02803296 [11.535787864874687, 44.077417950573775, 44.077417950573775]
		1260.01340738 [11.535787864874687, 44.077417950573775, 44.077417950573775]
		840.009818027 [11.535787864874687, 44.077417950573775, 44.077417950573775]
		720.008109575 [11.535787864874687, 44.077417950573775, 44.077417950573775]
		1140.01182769 [11.535787864874687, 44.077417950573775, 44.077417950573775]
		1920.0186674 [11.535787864874687, 44.077417950573775, 44.077417950573775]
		1560.01525138 [11.535787864874687, 44.077417950573775, 44.077417950573775]
		780.008359231 [11.535787864874687, 44.077417950573775, 44.077417950573775]
		120.003303233 [11.535787864874687, 44.077417950573775, 44.077417950573775]
		3540.03491901 [11.535787864874687, 44.077417950573775, 44.077417950573775]
		1860.01818618 [11.535787864874687, 44.077417950573775, 44.077417950573775]
	SERVICE_REVENUE [1189697.122550521, 423194.70894218615, 58297.53501983322, 383193.5363045294, 515738.73616285424, 201199.22803819328, 109646.61171042669, 273955.861120548, 60216.86423202864, 5617.196497977637]
	QoS_SERVICE [10.214607844538106, 5.346497417299069, 0.832707946516023, 4.87274299230918, 6.527888780684379, 2.9826757405123323, 1.8881408784353813, 3.948954430074909, 1.5102588697884776, 0.16256262255168397]
	NODE_VM_PRICES
		0 [36.072027892585886, 34.52386937357866, 33.25240605366173, 33.197180599017045, 32.77071188052906, 31.27971461629748, 30.484707609146277, 30.387037790567945, 30.077116342061316, 29.072196180387902, 28.65884190301862, 28.610626993343914, 27.89802354963274, 27.81507869520791, 26.14950291850618, 25.384681019151465, 25.01986740803685, 24.85392168982427, 24.385271565919233, 23.762070862190512, 23.45314372881811, 23.022860886913676, 22.70333911219229, 22.31363543990748, 22.28315011483817, 21.585515898573057, 21.45251622139054, 21.305958702461073, 19.196792803109073, 18.896387245350596, 18.719528819477357, 18.380776425723937, 18.025705433170213, 17.872528875162082, 17.705687729621243, 17.27969844586497, 17.151002277076582, 16.146672292518275, 15.347690927460132, 15.094014781265653, 14.235550765001724, 13.961116423076476, 13.742837613987414, 13.705403441789006, 13.177333769389108, 12.809746354955788, 11.02895754993466, 10.81833130150996, 10.371325809233978, 4.000823571679144, 3.728333091195972, 3.1956490316326978, 3.123500652463056, 2.8835151425561247, 2.7481809412124223, 2.4953956267344304, 2.494731748512583, 2.309392193266227, 2.002931264622471, 1.9486931888504597, 1.9415237530158647, 1.900105014204262, 1.8066605575946697, 1.8021635158264055, 1.7388894296754591, 1.6593914469817945, 1.6482337739339643, 1.4789571336435177, 1.3840725366228788, 1.3471422801054924, 1.2248865850890904, 1.1563392316068752, 1.1532262053135067, 1.113001320688245, 1.0287902655350156, 1.0252299278092287, 0.7856904473588894, 0.7559787085933064, 0.6914620008190132, 0.005310050057430066, 0.00438606938841365, 0.0028646645324488878, 0.0026866012574673637, 0.0021409338992906, 0.001864366288375426, 0.0014056549721862051, 0.0013937570657379804, 0.0011217388113552904, 0.0007291233562815602, 0.0006914473787806639, 0.0006636541816838731, 0.0006428383874174027, 0.0005338073300640972, 0.0004967116806481296, 0.00042449214058557384, 0.0003079999563442976, 0.00014612862438360478, 0.0001313179191285797, 0.0001025457860406785]
		1 [80.86806747070789, 80.26023951087902, 78.92501225487877, 78.27467176011946, 76.16142724074022, 76.14752257984752, 75.54780965761366, 74.6465119893443, 74.50174147949829, 74.00922872449276, 73.3877976435137, 72.12821680749352, 72.08157798635807, 71.77291066668467, 71.62812892554976, 71.51906267864291, 70.83632952603696, 70.42598837293949, 69.44389638882502, 69.08189281296346, 68.45456107106425, 67.71918811931246, 67.04256105150543, 67.03072515698676, 66.3015904069637, 64.1940682220342, 63.73517187429974, 63.682743890153304, 63.551662488940636, 62.90252022629775, 62.75126323874571, 62.21460849386507, 61.7400025327141, 60.98954425215947, 60.93493612107644, 60.21258532147601, 59.21498412625018, 59.163238543261656, 58.62777227892762, 58.04228371016321, 57.22360497398456, 55.519904096078214, 55.414899684459115, 54.45115438697481, 52.826236551497814, 51.98246945391262, 51.107175877309345, 50.10541999617533, 49.93333656650269, 48.96500396280995, 48.10208814422538, 47.02514536964499, 46.45435139465298, 46.177007000506656, 44.37524340113655, 43.47992857998883, 43.44117747633037, 40.29246729299299, 39.54937402279666, 38.602276383171194, 38.48776744764397, 36.51208813007095, 35.56401919013284, 35.43051307475495, 35.051790277004585, 33.62764599840284, 32.40355181146188, 30.61758404875741, 30.22724412833514, 28.210524790445227, 27.346537996983376, 27.27132147179953, 25.447286250138575, 23.59562191129645, 22.772803422738672, 20.9769911606879, 20.840107395781885, 20.052087098413153, 18.340818222574704, 15.844251574784112, 13.08758612222848, 12.335214147012804, 9.927832735011707, 8.548044569622308, 8.016718804813479, 6.388478838757804, 6.119613992582093, 5.689404126157498, 5.563211868945745, 4.3961195278205105, 4.194432164109904, 3.7569446498755874, 2.7259369624776366, 2.175682203909292, 1.9803241525596351, 1.5928650458543394, 1.2933034919526947, 1.1622221456018085, 0.9075759368218859]
		2 [80.86806747070789, 80.26023951087902, 78.92501225487877, 78.27467176011946, 76.16142724074022, 76.14752257984752, 75.54780965761366, 74.6465119893443, 74.50174147949829, 74.00922872449276, 73.3877976435137, 72.12821680749352, 72.08157798635807, 71.77291066668467, 71.62812892554976, 71.51906267864291, 70.83632952603696, 70.42598837293949, 69.44389638882502, 69.08189281296346, 68.45456107106425, 67.71918811931246, 67.04256105150543, 67.03072515698676, 66.3015904069637, 64.1940682220342, 63.73517187429974, 63.682743890153304, 63.551662488940636, 62.90252022629775, 62.75126323874571, 62.21460849386507, 61.7400025327141, 60.98954425215947, 60.93493612107644, 60.21258532147601, 59.21498412625018, 59.163238543261656, 58.62777227892762, 58.04228371016321, 57.22360497398456, 55.519904096078214, 55.414899684459115, 54.45115438697481, 52.826236551497814, 51.98246945391262, 51.107175877309345, 50.10541999617533, 49.93333656650269, 48.96500396280995, 48.10208814422538, 47.02514536964499, 46.45435139465298, 46.177007000506656, 44.37524340113655, 43.47992857998883, 43.44117747633037, 40.29246729299299, 39.54937402279666, 38.602276383171194, 38.48776744764397, 36.51208813007095, 35.56401919013284, 35.43051307475495, 35.051790277004585, 33.62764599840284, 32.40355181146188, 30.61758404875741, 30.22724412833514, 28.210524790445227, 27.346537996983376, 27.27132147179953, 25.447286250138575, 23.59562191129645, 22.772803422738672, 20.9769911606879, 20.840107395781885, 20.052087098413153, 18.340818222574704, 15.844251574784112, 13.08758612222848, 12.335214147012804, 9.927832735011707, 8.548044569622308, 8.016718804813479, 6.388478838757804, 6.119613992582093, 5.689404126157498, 5.563211868945745, 4.3961195278205105, 4.194432164109904, 3.7569446498755874, 2.7259369624776366, 2.175682203909292, 1.9803241525596351, 1.5928650458543394, 1.2933034919526947, 1.1622221456018085, 0.9075759368218859]
	IDLE_TIMES
		3360.03198598 0.252733404592
		240.0047154 0.244800272822
		2820.02930619 0.249838742309
		3300.03150519 0.258218164775
		2100.02222833 0.244076678428
		1320.01368295 0.247901901537
		540.007696282 0.260358653922
		3120.03113205 0.25074719601
		2520.02737224 0.23916282676
		1080.01149035 0.255467364141
		3420.03223342 0.250597221034
		2760.0291826 0.247736494828
		2880.02934759 0.240145226611
		180.00415373 0.254707936959
		1800.01663064 0.247814544019
		600.007888887 0.251767537801
		3180.03132069 0.25065124352
		420.007394316 0.253025272727
		1200.0129782 0.254174374637
		2400.0252004 0.238069727837
		3240.03133107 0.245905622895
		1440.01505938 0.252079635432
		660.00789697 0.257976235449
		2640.0284239 0.246689112928
		2220.02329964 0.255856358304
		1680.01617185 0.249515499548
		2280.02331897 0.239848934564
		960.009980382 0.259851432168
		2700.02858586 0.244789011072
		1740.0165451 0.247703486158
		2040.02057645 0.25676873382
		2460.02724242 0.253694284954
		1020.01065644 0.255539175029
		900.009863417 0.250100394701
		300.006640832 0.255966451457
		360.007251878 0.248232912537
		3480.03443251 0.249193140683
		3060.03067982 0.247371039242
		1380.01400078 0.247164131988
		3000.03008345 0.255278097432
		2340.02342689 0.235234704584
		60.001879684 0.245629949829
		480.007469601 0.254614445592
		3600.03680884 0.257631967551
		2160.02265126 0.23912387398
		1620.01559837 0.240760382882
		1980.0196693 0.244202978279
		1500.01511247 0.244191996241
		2940.02949562 0.254228335141
		2580.02803296 0.245556769615
		1260.01340738 0.247477082106
		840.009818027 0.250311073636
		720.008109575 0.253366383512
		1140.01182769 0.253000937514
		1920.0186674 0.245817346205
		1560.01525138 0.249161007092
		780.008359231 0.264783108746
		120.003303233 0.244652539399
		3540.03491901 0.25236748451
		1860.01818618 0.261756439932



Price_times: {0: [11.535787864874687, 44.077417950573775, 44.077417950573775], 3360.031985983938: [11.535787864874687, 44.077417950573775, 44.077417950573775], 240.00471539966117: [11.535787864874687, 44.077417950573775, 44.077417950573775], 2820.029306185415: [11.535787864874687, 44.077417950573775, 44.077417950573775], 3300.031505190801: [11.535787864874687, 44.077417950573775, 44.077417950573775], 2100.0222283331163: [11.535787864874687, 44.077417950573775, 44.077417950573775], 1320.0136829454202: [11.535787864874687, 44.077417950573775, 44.077417950573775], 540.0076962816931: [11.535787864874687, 44.077417950573775, 44.077417950573775], 3120.031132052631: [11.535787864874687, 44.077417950573775, 44.077417950573775], 2520.0273722366373: [11.535787864874687, 44.077417950573775, 44.077417950573775], 1080.0114903464264: [11.535787864874687, 44.077417950573775, 44.077417950573775], 3420.0322334241982: [11.535787864874687, 44.077417950573775, 44.077417950573775], 2760.0291825990157: [11.535787864874687, 44.077417950573775, 44.077417950573775], 2880.0293475892395: [11.535787864874687, 44.077417950573775, 44.077417950573775], 180.0041537297716: [11.535787864874687, 44.077417950573775, 44.077417950573775], 1800.0166306428996: [11.535787864874687, 44.077417950573775, 44.077417950573775], 600.007888887111: [11.535787864874687, 44.077417950573775, 44.077417950573775], 3180.031320691655: [11.535787864874687, 44.077417950573775, 44.077417950573775], 420.007394315633: [11.535787864874687, 44.077417950573775, 44.077417950573775], 1200.0129781954727: [11.535787864874687, 44.077417950573775, 44.077417950573775], 2400.025200401585: [11.535787864874687, 44.077417950573775, 44.077417950573775], 3240.0313310745496: [11.535787864874687, 44.077417950573775, 44.077417950573775], 1440.0150593756018: [11.535787864874687, 44.077417950573775, 44.077417950573775], 660.0078969704613: [11.535787864874687, 44.077417950573775, 44.077417950573775], 2640.028423901342: [11.535787864874687, 44.077417950573775, 44.077417950573775], 2220.0232996376803: [11.535787864874687, 44.077417950573775, 44.077417950573775], 1680.0161718516351: [11.535787864874687, 44.077417950573775, 44.077417950573775], 2280.023318965127: [11.535787864874687, 44.077417950573775, 44.077417950573775], 960.0099803822741: [11.535787864874687, 44.077417950573775, 44.077417950573775], 2700.0285858636153: [11.535787864874687, 44.077417950573775, 44.077417950573775], 1740.0165450969585: [11.535787864874687, 44.077417950573775, 44.077417950573775], 2040.020576454885: [11.535787864874687, 44.077417950573775, 44.077417950573775], 2460.027242421158: [11.535787864874687, 44.077417950573775, 44.077417950573775], 1020.010656441559: [11.535787864874687, 44.077417950573775, 44.077417950573775], 900.0098634171615: [11.535787864874687, 44.077417950573775, 44.077417950573775], 300.0066408321843: [11.535787864874687, 44.077417950573775, 44.077417950573775], 360.00725187826265: [11.535787864874687, 44.077417950573775, 44.077417950573775], 3480.0344325118685: [11.535787864874687, 44.077417950573775, 44.077417950573775], 3060.0306798237402: [11.535787864874687, 44.077417950573775, 44.077417950573775], 1380.0140007845578: [11.535787864874687, 44.077417950573775, 44.077417950573775], 3000.0300834454: [11.535787864874687, 44.077417950573775, 44.077417950573775], 2340.0234268873724: [11.535787864874687, 44.077417950573775, 44.077417950573775], 60.001879684004656: [11.535787864874687, 44.077417950573775, 44.077417950573775], 480.00746960078425: [11.535787864874687, 44.077417950573775, 44.077417950573775], 3600.036808842583: [11.535787864874687, 44.077417950573775, 44.077417950573775], 2160.022651259913: [11.535787864874687, 44.077417950573775, 44.077417950573775], 1620.0155983679501: [11.535787864874687, 44.077417950573775, 44.077417950573775], 1980.019669301262: [11.535787864874687, 44.077417950573775, 44.077417950573775], 1500.0151124673857: [11.535787864874687, 44.077417950573775, 44.077417950573775], 2940.02949562137: [11.535787864874687, 44.077417950573775, 44.077417950573775], 2580.0280329592374: [11.535787864874687, 44.077417950573775, 44.077417950573775], 1260.01340737859: [11.535787864874687, 44.077417950573775, 44.077417950573775], 840.0098180265297: [11.535787864874687, 44.077417950573775, 44.077417950573775], 720.0081095746973: [11.535787864874687, 44.077417950573775, 44.077417950573775], 1140.0118276941125: [11.535787864874687, 44.077417950573775, 44.077417950573775], 1920.0186674049367: [11.535787864874687, 44.077417950573775, 44.077417950573775], 1560.0152513751445: [11.535787864874687, 44.077417950573775, 44.077417950573775], 780.0083592307824: [11.535787864874687, 44.077417950573775, 44.077417950573775], 120.00330323336387: [11.535787864874687, 44.077417950573775, 44.077417950573775], 3540.034919009605: [11.535787864874687, 44.077417950573775, 44.077417950573775], 1860.0181861829851: [11.535787864874687, 44.077417950573775, 44.077417950573775]}



Sat_times: {3360.031985983938: [0.034334763948497854, 0.07737801872843765, 0.07773910160782364], 240.00471539966117: [0.03850374977135541, 0.09084825163125314, 0.08811815466312645], 2820.029306185415: [0.04155423637344846, 0.08272546419098144, 0.08316929133858268], 3300.031505190801: [0.0326027397260274, 0.0826738508166358, 0.07803081044876088], 2100.0222283331163: [0.04002965159377316, 0.09482758620689655, 0.09262349799732977], 1320.0136829454202: [0.03993785414001097, 0.09259259259259259, 0.09053293611386957], 540.0076962816931: [0.032934401151804196, 0.07466887417218543, 0.07303559435862995], 960.0099803822741: [0.03935102187163858, 0.0723781388478582, 0.07384356602186712], 2520.0273722366373: [0.03882183390380112, 0.08512020792722547, 0.08730423192269243], 1080.0114903464264: [0.035749484813188785, 0.07472021066491112, 0.07377049180327869], 3420.0322334241982: [0.04535970244035199, 0.0834441489361702, 0.08384628181666944], 1740.0165450969585: [0.0414568345323741, 0.09080459770114943, 0.08938183004403849], 2880.0293475892395: [0.04047575142909828, 0.10501435083572513, 0.09897610921501707], 180.0041537297716: [0.04455939740448316, 0.0817911434236616, 0.08284420593660909], 1800.0166306428996: [0.03731478135164438, 0.08862017558389929, 0.0855641320413861], 600.007888887111: [0.03961562868280301, 0.08519807724183656, 0.08517350157728706], 3180.031320691655: [0.039794724047897724, 0.08555008210180624, 0.08890714872637634], 420.007394315633: [0.04232707283554741, 0.09185558354324097, 0.08990249545529665], 1200.0129781954727: [0.03546673868034927, 0.08402811835867255, 0.08068827263615101], 2400.025200401585: [0.03337000366703337, 0.09332447691796746, 0.09369279414212016], 3240.0313310745496: [0.04238778343359556, 0.08161192008127328, 0.08159781495390918], 1440.0150593756018: [0.03175895765472313, 0.08159838817998656, 0.08025708635464733], 660.0078969704613: [0.04201912467819051, 0.08468499231688578, 0.08322259136212624], 2640.028423901342: [0.043641697992115154, 0.09403404395967609, 0.09264214046822743], 2220.0232996376803: [0.03665353248419317, 0.08998818166469695, 0.08197539075490522], 1680.0161718516351: [0.03531329228540384, 0.07576517812343202, 0.07330984734105016], 2280.023318965127: [0.046429859358095925, 0.08599305440714404, 0.08501891136326262], 3120.031132052631: [0.03776728686475979, 0.0835013440860215, 0.08682276533925824], 2700.0285858636153: [0.03820840950639854, 0.0862977602108037, 0.08630044082739911], 2760.0291825990157: [0.03800798258345428, 0.08732904926676553, 0.08858235000830979], 2040.020576454885: [0.039172615778876076, 0.08072653884964683, 0.08113112270661504], 2460.027242421158: [0.041057059253840525, 0.09225153476024556, 0.09115103127079174], 1020.010656441559: [0.037464504900613725, 0.08691983122362869, 0.08514522821576763], 900.0098634171615: [0.036039250669045494, 0.07553420573132351, 0.07621550591327202], 300.0066408321843: [0.03662506782419967, 0.07703679369250986, 0.07654446707399865], 360.00725187826265: [0.039455532051871606, 0.08733333333333333, 0.08906882591093117], 3480.0344325118685: [0.04377358490566038, 0.09785932721712538, 0.09473324213406292], 3060.0306798237402: [0.04232220075443923, 0.0921961907972358, 0.08974572045870034], 1380.0140007845578: [0.03462923630990858, 0.08165305782369606, 0.08436639118457301], 3000.0300834454: [0.030889729824870194, 0.06276841757515692, 0.062088274044795784], 780.0083592307824: [0.03947486736804244, 0.07551642397561802, 0.07220039292730845], 60.001879684004656: [0.04305156929913897, 0.09162611176371875, 0.09449479691171533], 480.00746960078425: [0.03639452740767236, 0.06859628576208801, 0.06865671641791045], 3600.036808842583: [0.03495470657739268, 0.07230711889675737, 0.0689965771932985], 2160.022651259913: [0.04233234046394079, 0.0920645266416816, 0.09063893016344725], 1620.0155983679501: [0.04560469810974491, 0.0997675962815405, 0.10542661000326904], 1980.019669301262: [0.0381553664562174, 0.09287925696594428, 0.09580737497895268], 1500.0151124673857: [0.046441665883237754, 0.09398496240601503, 0.09477789081044422], 2940.02949562137: [0.041700735895339326, 0.08458434221146086, 0.08692676249144421], 2580.0280329592374: [0.032595829918965674, 0.08353848678811751, 0.08588853125529392], 1260.01340737859: [0.03197413328543201, 0.08038796646391583, 0.08356729975227085], 840.0098180265297: [0.03605855051767226, 0.08232997071265864, 0.08415678524374176], 720.0081095746973: [0.03474011550422035, 0.07263962765957446, 0.07272430135643079], 1140.0118276941125: [0.041030275643922275, 0.08138770141400856, 0.07997311827956989], 1920.0186674049367: [0.041693334552436685, 0.08696386355960824, 0.08251701809729371], 1560.0152513751445: [0.03573031690456953, 0.08105004101722724, 0.08041202857617545], 2340.0234268873724: [0.0381135179599671, 0.09675826888267237, 0.0965871438038436], 120.00330323336387: [0.03669975412075403, 0.09014745308310992, 0.08466743687077076], 3540.034919009605: [0.040583968414287026, 0.08445945945945946, 0.08266264252179745], 1860.0181861829851: [0.03220338983050847, 0.07259136212624585, 0.07015221707478492]}



idle_times: {3360.031985983938: [0.7966264060016583, 0.7558445763878305, 0.7559232262436534], 240.00471539966117: [0.7829033854880036, 0.7272824502978477, 0.7322097268412268], 2820.029306185415: [0.7687869836854659, 0.7510366409179335, 0.7472539286966636], 3300.031505190801: [0.8249605052081981, 0.7585892770852042, 0.772369008931891], 2100.0222283331163: [0.7773333894229671, 0.7271478685253208, 0.7300393980379508], 1320.0136829454202: [0.7820813367542011, 0.7390245052076863, 0.741479358973393], 540.0076962816931: [0.8134218102964536, 0.7706869955929156, 0.778754250945379], 960.0099803822741: [0.7795958797472258, 0.7769521238810666, 0.7772140765260273], 2520.0273722366373: [0.7927485034555797, 0.7144061284684945, 0.7153359675027772], 1080.0114903464264: [0.7878430406456683, 0.7573051248771246, 0.764120798069072], 3420.0322334241982: [0.7515990153009161, 0.7500716625050643, 0.7495324177058778], 1740.0165450969585: [0.7893530490824184, 0.7391951054650604, 0.7408835349466439], 2880.0293475892395: [0.7972287925250786, 0.712256834443814, 0.718289580989323], 180.0041537297716: [0.7695676656026336, 0.7602487030605379, 0.7618338417561592], 1800.0166306428996: [0.7928184087253121, 0.733579746286667, 0.7412335402183874], 600.007888887111: [0.7858609043631013, 0.7527494717059658, 0.7530350175632391], 3180.031320691655: [0.7898554041848825, 0.7569059435269051, 0.7496736167998674], 420.007394315633: [0.7914094961688694, 0.7558805137977831, 0.7567987697748879], 1200.0129781954727: [0.798255352946836, 0.7476141294955743, 0.7602708377468944], 2400.025200401585: [0.8107845934665581, 0.7115959646655036, 0.7120649470148568], 3240.0313310745496: [0.773705214620629, 0.7377270081346138, 0.7354944949689245], 1440.0150593756018: [0.82236943711486, 0.7543969201615427, 0.7539660339282858], 660.0078969704613: [0.7880474011866955, 0.7733332496505525, 0.7715992776445266], 2640.028423901342: [0.7665845324851573, 0.7334312795238673, 0.7378579293681216], 2220.0232996376803: [0.7879206884343057, 0.7532024296739623, 0.765300100265138], 1680.0161718516351: [0.7735676355340482, 0.7399141026884609, 0.7463175583170159], 2280.023318965127: [0.7441726809263977, 0.7081318111025178, 0.7174135707661355], 3120.031132052631: [0.7813940089188915, 0.75492556070825, 0.7499674976711204], 2700.0285858636153: [0.7884362598970241, 0.7220609535095511, 0.7321915718659897], 2760.0291825990157: [0.7979897314434747, 0.7419890713267188, 0.7409740927820724], 2040.020576454885: [0.805087157335749, 0.7695081875355961, 0.7679881057641516], 2460.027242421158: [0.7756687947639307, 0.7551314157480288, 0.7588081979506589], 1020.010656441559: [0.8137816576059895, 0.7636054832465463, 0.7643170768233327], 900.0098634171615: [0.7849015305836265, 0.7494569548692532, 0.74804348435508], 300.0066408321843: [0.7868541738470525, 0.7564935834362315, 0.7656205059955903], 360.00725187826265: [0.7962708680534306, 0.7445243906497676, 0.7424557478373427], 3480.0344325118685: [0.7795196295170879, 0.7336375264846925, 0.7453692766241323], 3060.0306798237402: [0.7836894014390994, 0.7361550636156464, 0.7398953745274386], 1380.0140007845578: [0.8121268398576443, 0.7376507634153893, 0.7392699047259373], 3000.0300834454: [0.7747363612067137, 0.7623090406625136, 0.7635380893634226], 780.0083592307824: [0.791446708993724, 0.79059896798035, 0.7919680178765651], 60.001879684004656: [0.7908307710059377, 0.7428892391333167, 0.7346518191380472], 480.00746960078425: [0.7672285883688221, 0.7630645449251158, 0.7615449327677709], 3600.036808842583: [0.7819099634092902, 0.7682504462298851, 0.7705817929692979], 2160.022651259913: [0.7745130830359094, 0.7069363129239445, 0.7152417054887606], 1620.0155983679501: [0.7906456965735488, 0.7405344441260082, 0.7200501914214947], 1980.019669301262: [0.7889874991800128, 0.7293629811522272, 0.7304115405032836], 1500.0151124673857: [0.7580218761227855, 0.734377215734675, 0.7303638158756315], 2940.02949562137: [0.7937649331733129, 0.7520266550086394, 0.7604195089249228], 2580.0280329592374: [0.811138940168097, 0.7341206392683246, 0.7344584274889918], 1260.01340737859: [0.8149092734578971, 0.7461457362412997, 0.7401832195573764], 840.0098180265297: [0.7930249472217421, 0.7512871177916596, 0.7486699519181781], 720.0081095746973: [0.7971509021584708, 0.7628381497264236, 0.7578011565524209], 1140.0118276941125: [0.7731477849429603, 0.7472338902590454, 0.7567518946589269], 1920.0186674049367: [0.7751611760950183, 0.7259007422462591, 0.7352651660823817], 1560.0152513751445: [0.7930550919569547, 0.7405231700597743, 0.7452520761801983], 2340.0234268873724: [0.7833536630074858, 0.7020427632666939, 0.7035888129198792], 120.00330323336387: [0.7799792625238361, 0.7195902931872509, 0.7317896525113315], 3540.034919009605: [0.7932741064530422, 0.7518987985630172, 0.7548373454129726], 1860.0181861829851: [0.796979052780381, 0.7767445222586469, 0.7829295664847646]}



rev_times: {3360.031985983938: [0.7966264060016583, 0.7558445763878305, 0.7559232262436534], 240.00471539966117: [0.7829033854880036, 0.7272824502978477, 0.7322097268412268], 2820.029306185415: [0.7687869836854659, 0.7510366409179335, 0.7472539286966636], 3300.031505190801: [0.8249605052081981, 0.7585892770852042, 0.772369008931891], 2100.0222283331163: [0.7773333894229671, 0.7271478685253208, 0.7300393980379508], 1320.0136829454202: [0.7820813367542011, 0.7390245052076863, 0.741479358973393], 540.0076962816931: [0.8134218102964536, 0.7706869955929156, 0.778754250945379], 960.0099803822741: [0.7795958797472258, 0.7769521238810666, 0.7772140765260273], 2520.0273722366373: [0.7927485034555797, 0.7144061284684945, 0.7153359675027772], 1080.0114903464264: [0.7878430406456683, 0.7573051248771246, 0.764120798069072], 3420.0322334241982: [0.7515990153009161, 0.7500716625050643, 0.7495324177058778], 1740.0165450969585: [0.7893530490824184, 0.7391951054650604, 0.7408835349466439], 2880.0293475892395: [0.7972287925250786, 0.712256834443814, 0.718289580989323], 180.0041537297716: [0.7695676656026336, 0.7602487030605379, 0.7618338417561592], 1800.0166306428996: [0.7928184087253121, 0.733579746286667, 0.7412335402183874], 600.007888887111: [0.7858609043631013, 0.7527494717059658, 0.7530350175632391], 3180.031320691655: [0.7898554041848825, 0.7569059435269051, 0.7496736167998674], 420.007394315633: [0.7914094961688694, 0.7558805137977831, 0.7567987697748879], 1200.0129781954727: [0.798255352946836, 0.7476141294955743, 0.7602708377468944], 2400.025200401585: [0.8107845934665581, 0.7115959646655036, 0.7120649470148568], 3240.0313310745496: [0.773705214620629, 0.7377270081346138, 0.7354944949689245], 1440.0150593756018: [0.82236943711486, 0.7543969201615427, 0.7539660339282858], 660.0078969704613: [0.7880474011866955, 0.7733332496505525, 0.7715992776445266], 2640.028423901342: [0.7665845324851573, 0.7334312795238673, 0.7378579293681216], 2220.0232996376803: [0.7879206884343057, 0.7532024296739623, 0.765300100265138], 1680.0161718516351: [0.7735676355340482, 0.7399141026884609, 0.7463175583170159], 2280.023318965127: [0.7441726809263977, 0.7081318111025178, 0.7174135707661355], 3120.031132052631: [0.7813940089188915, 0.75492556070825, 0.7499674976711204], 2700.0285858636153: [0.7884362598970241, 0.7220609535095511, 0.7321915718659897], 2760.0291825990157: [0.7979897314434747, 0.7419890713267188, 0.7409740927820724], 2040.020576454885: [0.805087157335749, 0.7695081875355961, 0.7679881057641516], 2460.027242421158: [0.7756687947639307, 0.7551314157480288, 0.7588081979506589], 1020.010656441559: [0.8137816576059895, 0.7636054832465463, 0.7643170768233327], 900.0098634171615: [0.7849015305836265, 0.7494569548692532, 0.74804348435508], 300.0066408321843: [0.7868541738470525, 0.7564935834362315, 0.7656205059955903], 360.00725187826265: [0.7962708680534306, 0.7445243906497676, 0.7424557478373427], 3480.0344325118685: [0.7795196295170879, 0.7336375264846925, 0.7453692766241323], 3060.0306798237402: [0.7836894014390994, 0.7361550636156464, 0.7398953745274386], 1380.0140007845578: [0.8121268398576443, 0.7376507634153893, 0.7392699047259373], 3000.0300834454: [0.7747363612067137, 0.7623090406625136, 0.7635380893634226], 780.0083592307824: [0.791446708993724, 0.79059896798035, 0.7919680178765651], 60.001879684004656: [0.7908307710059377, 0.7428892391333167, 0.7346518191380472], 480.00746960078425: [0.7672285883688221, 0.7630645449251158, 0.7615449327677709], 3600.036808842583: [0.7819099634092902, 0.7682504462298851, 0.7705817929692979], 2160.022651259913: [0.7745130830359094, 0.7069363129239445, 0.7152417054887606], 1620.0155983679501: [0.7906456965735488, 0.7405344441260082, 0.7200501914214947], 1980.019669301262: [0.7889874991800128, 0.7293629811522272, 0.7304115405032836], 1500.0151124673857: [0.7580218761227855, 0.734377215734675, 0.7303638158756315], 2940.02949562137: [0.7937649331733129, 0.7520266550086394, 0.7604195089249228], 2580.0280329592374: [0.811138940168097, 0.7341206392683246, 0.7344584274889918], 1260.01340737859: [0.8149092734578971, 0.7461457362412997, 0.7401832195573764], 840.0098180265297: [0.7930249472217421, 0.7512871177916596, 0.7486699519181781], 720.0081095746973: [0.7971509021584708, 0.7628381497264236, 0.7578011565524209], 1140.0118276941125: [0.7731477849429603, 0.7472338902590454, 0.7567518946589269], 1920.0186674049367: [0.7751611760950183, 0.7259007422462591, 0.7352651660823817], 1560.0152513751445: [0.7930550919569547, 0.7405231700597743, 0.7452520761801983], 2340.0234268873724: [0.7833536630074858, 0.7020427632666939, 0.7035888129198792], 120.00330323336387: [0.7799792625238361, 0.7195902931872509, 0.7317896525113315], 3540.034919009605: [0.7932741064530422, 0.7518987985630172, 0.7548373454129726], 1860.0181861829851: [0.796979052780381, 0.7767445222586469, 0.7829295664847646]}
